11

7
0: 0: 0 5
1: 1: 5 1
2: 2: 1 0
3: 3: 1 1
4: 4: 3 2
5: 5: 1 3
6: 6: 1 2
0 1 0 0 1 0 0
1 0 1 0 0 0 0
0 1 0 1 0 0 0
0 0 1 0 0 0 0
1 0 0 0 0 1 0
0 0 0 0 1 0 1
0 0 0 0 0 1 0

7
0: 0: 0 5
1: 1: 5 1
2: 2: 1 0
3: 3: 1 1
4: 4: 3 2
5: 5: 1 2
6: 6: 1 3
0 1 0 0 1 0 0
1 0 1 0 0 0 0
0 1 0 1 0 0 0
0 0 1 0 0 0 0
1 0 0 0 0 1 1
0 0 0 0 1 0 0
0 0 0 0 1 0 0

7
0: 0: 0 5
1: 1: 5 1
2: 2: 1 0
3: 3: 1 1
4: 4: 3 2
5: 5: 2 2
6: 6: 1 2
0 1 0 0 1 0 1
1 0 1 0 0 0 0
0 1 0 1 0 0 0
0 0 1 0 0 0 0
1 0 0 0 0 1 0
0 0 0 0 1 0 0
1 0 0 0 0 0 0

7
0: 0: 0 5
1: 1: 5 1
2: 2: 1 0
3: 3: 1 1
4: 4: 3 2
5: 5: 1 2
6: 6: 2 2
0 1 0 0 0 1 0
1 0 1 1 1 0 0
0 1 0 0 0 0 0
0 1 0 0 0 0 0
0 1 0 0 0 0 0
1 0 0 0 0 0 1
0 0 0 0 0 1 0

7
0: 0: 0 5
1: 1: 5 1
2: 2: 1 0
3: 3: 4 1
4: 4: 1 2
5: 5: 3 1
6: 6: 1 1
0 1 0 0 1 0 0
1 0 1 1 0 0 0
0 1 0 0 0 0 0
0 1 0 0 0 0 0
1 0 0 0 0 1 1
0 0 0 0 1 0 0
0 0 0 0 1 0 0

7
0: 0: 0 5
1: 1: 5 1
2: 2: 1 0
3: 3: 4 1
4: 4: 1 2
5: 5: 3 1
6: 6: 1 1
0 1 0 0 1 0 1
1 0 1 1 0 0 0
0 1 0 0 0 0 0
0 1 0 0 0 0 0
1 0 0 0 0 1 0
0 0 0 0 1 0 0
1 0 0 0 0 0 0

7
0: 0: 0 5
1: 1: 5 1
2: 2: 1 0
3: 3: 4 1
4: 4: 3 1
5: 5: 1 2
6: 6: 1 1
0 1 0 0 1 1 1
1 0 1 1 0 0 0
0 1 0 0 0 0 0
0 1 0 0 0 0 0
1 0 0 0 0 0 0
1 0 0 0 0 0 0
1 0 0 0 0 0 0

7
0: 0: 0 5
1: 1: 5 1
2: 2: 1 0
3: 3: 4 1
4: 4: 3 1
5: 5: 1 1
6: 6: 1 2
0 1 0 1 0 1 0
1 0 1 0 0 0 0
0 1 0 0 0 0 0
1 0 0 0 1 0 0
0 0 0 1 0 0 0
1 0 0 0 0 0 1
0 0 0 0 0 1 0

7
0: 0: 0 5
1: 1: 5 1
2: 2: 1 0
3: 3: 4 1
4: 4: 3 1
5: 5: 1 2
6: 6: 1 1
0 1 0 1 0 1 1
1 0 1 0 0 0 0
0 1 0 0 0 0 0
1 0 0 0 1 0 0
0 0 0 1 0 0 0
1 0 0 0 0 0 0
1 0 0 0 0 0 0

7
0: 0: 0 5
1: 1: 5 1
2: 2: 1 0
3: 3: 4 1
4: 4: 2 2
5: 5: 2 1
6: 6: 1 1
0 1 0 1 1 1 1
1 0 1 0 0 0 0
0 1 0 0 0 0 0
1 0 0 0 0 0 0
1 0 0 0 0 0 0
1 0 0 0 0 0 0
1 0 0 0 0 0 0

7
0: 0: 0 5
1: 1: 5 1
2: 2: 2 3
3: 3: 2 2
4: 4: 1 2
5: 5: 1 1
6: 6: 1 0
0 1 1 1 1 1 1
1 0 0 0 0 0 0
1 0 0 0 0 0 0
1 0 0 0 0 0 0
1 0 0 0 0 0 0
1 0 0 0 0 0 0
1 0 0 0 0 0 0

