12

9
0: 0: 0 7
1: 1: 7 1
2: 2: 1 0
3: 3: 1 1
4: 4: 5 2
5: 5: 1 4
6: 6: 4 2
7: 7: 2 3
8: 8: 1 2
0 1 0 0 0 1 0 0 0
1 0 1 0 1 0 0 0 0
0 1 0 1 0 0 0 0 0
0 0 1 0 0 0 0 0 0
0 1 0 0 0 0 0 0 0
1 0 0 0 0 0 1 0 1
0 0 0 0 0 1 0 1 0
0 0 0 0 0 0 1 0 0
0 0 0 0 0 1 0 0 0

9
0: 0: 0 7
1: 1: 7 1
2: 2: 1 0
3: 3: 1 1
4: 4: 5 2
5: 5: 3 3
6: 6: 3 2
7: 7: 2 2
8: 8: 1 2
0 1 0 0 1 0 0 1 1
1 0 1 0 0 0 0 0 0
0 1 0 1 0 0 0 0 0
0 0 1 0 0 0 0 0 0
1 0 0 0 0 1 0 0 0
0 0 0 0 1 0 1 0 0
0 0 0 0 0 1 0 0 0
1 0 0 0 0 0 0 0 0
1 0 0 0 0 0 0 0 0

9
0: 0: 0 7
1: 1: 7 1
2: 2: 1 0
3: 3: 1 1
4: 4: 5 2
5: 5: 3 2
6: 6: 3 3
7: 7: 2 2
8: 8: 1 2
0 1 0 0 1 0 0 1 1
1 0 1 0 0 0 0 0 0
0 1 0 1 0 0 0 0 0
0 0 1 0 0 0 0 0 0
1 0 0 0 0 1 1 0 0
0 0 0 0 1 0 0 0 0
0 0 0 0 1 0 0 0 0
1 0 0 0 0 0 0 0 0
1 0 0 0 0 0 0 0 0

9
0: 0: 0 7
1: 1: 7 1
2: 2: 1 0
3: 3: 1 1
4: 4: 5 2
5: 5: 4 2
6: 6: 1 3
7: 7: 2 3
8: 8: 1 2
0 1 0 0 1 0 1 0 1
1 0 1 0 0 0 0 0 0
0 1 0 1 0 0 0 0 0
0 0 1 0 0 0 0 0 0
1 0 0 0 0 1 0 0 0
0 0 0 0 1 0 0 0 0
1 0 0 0 0 0 0 1 0
0 0 0 0 0 0 1 0 0
1 0 0 0 0 0 0 0 0

9
0: 0: 0 7
1: 1: 7 1
2: 2: 1 0
3: 3: 1 1
4: 4: 5 2
5: 5: 4 2
6: 6: 2 3
7: 7: 1 3
8: 8: 1 2
0 1 0 0 1 0 1 1 1
1 0 1 0 0 0 0 0 0
0 1 0 1 0 0 0 0 0
0 0 1 0 0 0 0 0 0
1 0 0 0 0 1 0 0 0
0 0 0 0 1 0 0 0 0
1 0 0 0 0 0 0 0 0
1 0 0 0 0 0 0 0 0
1 0 0 0 0 0 0 0 0

9
0: 0: 0 7
1: 1: 7 1
2: 2: 1 0
3: 3: 1 1
4: 4: 4 2
5: 5: 3 3
6: 6: 3 4
7: 7: 1 3
8: 8: 2 3
0 1 0 0 0 0 0 1 0
1 0 1 1 1 1 1 0 0
0 1 0 0 0 0 0 0 0
0 1 0 0 0 0 0 0 0
0 1 0 0 0 0 0 0 0
0 1 0 0 0 0 0 0 0
0 1 0 0 0 0 0 0 0
1 0 0 0 0 0 0 0 1
0 0 0 0 0 0 0 1 0

9
0: 0: 0 7
1: 1: 7 1
2: 2: 1 0
3: 3: 6 1
4: 4: 2 3
5: 5: 5 1
6: 6: 2 2
7: 7: 1 2
8: 8: 1 1
0 1 0 0 1 0 1 1 1
1 0 1 1 0 0 0 0 0
0 1 0 0 0 0 0 0 0
0 1 0 0 0 0 0 0 0
1 0 0 0 0 1 0 0 0
0 0 0 0 1 0 0 0 0
1 0 0 0 0 0 0 0 0
1 0 0 0 0 0 0 0 0
1 0 0 0 0 0 0 0 0

9
0: 0: 0 7
1: 1: 7 1
2: 2: 1 0
3: 3: 6 1
4: 4: 5 1
5: 5: 2 3
6: 6: 2 2
7: 7: 1 2
8: 8: 1 1
0 1 0 0 1 1 1 1 1
1 0 1 1 0 0 0 0 0
0 1 0 0 0 0 0 0 0
0 1 0 0 0 0 0 0 0
1 0 0 0 0 0 0 0 0
1 0 0 0 0 0 0 0 0
1 0 0 0 0 0 0 0 0
1 0 0 0 0 0 0 0 0
1 0 0 0 0 0 0 0 0

9
0: 0: 0 7
1: 1: 7 1
2: 2: 1 0
3: 3: 6 1
4: 4: 5 1
5: 5: 2 2
6: 6: 3 2
7: 7: 2 1
8: 8: 1 1
0 1 0 1 0 1 0 1 1
1 0 1 0 0 0 0 0 0
0 1 0 0 0 0 0 0 0
1 0 0 0 1 0 0 0 0
0 0 0 1 0 0 0 0 0
1 0 0 0 0 0 1 0 0
0 0 0 0 0 1 0 0 0
1 0 0 0 0 0 0 0 0
1 0 0 0 0 0 0 0 0

9
0: 0: 0 7
1: 1: 7 1
2: 2: 1 0
3: 3: 6 1
4: 4: 5 1
5: 5: 3 2
6: 6: 2 2
7: 7: 2 1
8: 8: 1 1
0 1 0 1 0 1 1 1 1
1 0 1 0 0 0 0 0 0
0 1 0 0 0 0 0 0 0
1 0 0 0 1 0 0 0 0
0 0 0 1 0 0 0 0 0
1 0 0 0 0 0 0 0 0
1 0 0 0 0 0 0 0 0
1 0 0 0 0 0 0 0 0
1 0 0 0 0 0 0 0 0

9
0: 0: 0 7
1: 1: 7 1
2: 2: 1 0
3: 3: 6 1
4: 4: 4 2
5: 5: 4 1
6: 6: 1 3
7: 7: 1 2
8: 8: 1 1
0 1 0 1 1 1 1 1 1
1 0 1 0 0 0 0 0 0
0 1 0 0 0 0 0 0 0
1 0 0 0 0 0 0 0 0
1 0 0 0 0 0 0 0 0
1 0 0 0 0 0 0 0 0
1 0 0 0 0 0 0 0 0
1 0 0 0 0 0 0 0 0
1 0 0 0 0 0 0 0 0

9
0: 0: 0 7
1: 1: 7 1
2: 2: 4 3
3: 3: 4 2
4: 4: 3 2
5: 5: 3 1
6: 6: 1 2
7: 7: 1 1
8: 8: 1 0
0 1 1 1 1 1 1 1 1
1 0 0 0 0 0 0 0 0
1 0 0 0 0 0 0 0 0
1 0 0 0 0 0 0 0 0
1 0 0 0 0 0 0 0 0
1 0 0 0 0 0 0 0 0
1 0 0 0 0 0 0 0 0
1 0 0 0 0 0 0 0 0
1 0 0 0 0 0 0 0 0

