99

33
0: [0, 1, 2, 3, 4]: 12 0
1: [0, 1, 2, 3]: 10 0
2: [0, 1, 2, 4]: 13 0
3: [0, 1, 2]: 8 0
4: [0, 1, 3, 4]: 17 0
5: [0, 1, 3]: 15 0
6: [0, 1, 4]: 18 0
7: [0, 1]: 7 0
8: [0, 2, 3, 4]: 23 0
9: [0, 2, 3]: 21 0
10: [0, 2, 4]: 25 0
11: [0, 2]: 20 0
12: [0, 3, 4]: 28 0
13: [0, 3]: 26 0
14: [0, 4]: 30 0
15: [0]: 1 4
16: [1, 2, 3, 4]: 35 0
17: [1, 2, 3]: 33 0
18: [1, 2, 4]: 36 0
19: [1, 2]: 31 0
20: [1, 3, 4]: 39 0
21: [1, 3]: 38 0
22: [1, 4]: 41 0
23: [1]: 5 1
24: [2, 3, 4]: 44 0
25: [2, 3]: 43 0
26: [2, 4]: 46 0
27: [2]: 4 1
28: [3, 4]: 48 0
29: [3]: 3 2
30: [4]: 2 2
31: [5]: 2 0
32: []: 49 0
0 0 0 0 0 0 0 0 0 0 0 0 0 0 0 0 0 0 0 0 0 0 0 0 0 0 0 0 0 0 0 0 0
0 0 0 0 0 0 0 0 0 0 0 0 0 0 0 0 0 0 0 0 0 0 0 0 0 0 0 0 0 0 0 0 0
0 0 0 0 0 0 0 0 0 0 0 0 0 0 0 0 0 0 0 0 0 0 0 0 0 0 0 0 0 0 0 0 0
0 0 0 0 0 0 0 0 0 0 0 0 0 0 0 0 0 0 0 0 0 0 0 0 0 0 0 0 0 0 0 0 0
0 0 0 0 0 0 0 0 0 0 0 0 0 0 0 0 0 0 0 0 0 0 0 0 0 0 0 0 0 0 0 0 0
0 0 0 0 0 0 0 0 0 0 0 0 0 0 0 0 0 0 0 0 0 0 0 0 0 0 0 0 0 0 0 0 0
0 0 0 0 0 0 0 0 0 0 0 0 0 0 0 0 0 0 0 0 0 0 0 0 0 0 0 0 0 0 0 0 0
0 0 0 0 0 0 0 0 0 0 0 0 0 0 0 0 0 0 0 0 0 0 0 0 0 0 0 0 0 0 0 0 0
0 0 0 0 0 0 0 0 0 0 0 0 0 0 0 0 0 0 0 0 0 0 0 0 0 0 0 0 0 0 0 0 0
0 0 0 0 0 0 0 0 0 0 0 0 0 0 0 0 0 0 0 0 0 0 0 0 0 0 0 0 0 0 0 0 0
0 0 0 0 0 0 0 0 0 0 0 0 0 0 0 0 0 0 0 0 0 0 0 0 0 0 0 0 0 0 0 0 0
0 0 0 0 0 0 0 0 0 0 0 0 0 0 0 0 0 0 0 0 0 0 0 0 0 0 0 0 0 0 0 0 0
0 0 0 0 0 0 0 0 0 0 0 0 0 0 0 0 0 0 0 0 0 0 0 0 0 0 0 0 0 0 0 0 0
0 0 0 0 0 0 0 0 0 0 0 0 0 0 0 0 0 0 0 0 0 0 0 0 0 0 0 0 0 0 0 0 0
0 0 0 0 0 0 0 0 0 0 0 0 0 0 0 0 0 0 0 0 0 0 0 0 0 0 0 0 0 0 0 0 0
0 0 0 0 0 0 0 0 0 0 0 0 0 0 0 0 0 0 0 0 0 0 0 0 0 0 0 0 0 0 0 1 0
0 0 0 0 0 0 0 0 0 0 0 0 0 0 0 0 0 0 0 0 0 0 0 0 0 0 0 0 0 0 0 0 0
0 0 0 0 0 0 0 0 0 0 0 0 0 0 0 0 0 0 0 0 0 0 0 0 0 0 0 0 0 0 0 0 0
0 0 0 0 0 0 0 0 0 0 0 0 0 0 0 0 0 0 0 0 0 0 0 0 0 0 0 0 0 0 0 0 0
0 0 0 0 0 0 0 0 0 0 0 0 0 0 0 0 0 0 0 0 0 0 0 0 0 0 0 0 0 0 0 0 0
0 0 0 0 0 0 0 0 0 0 0 0 0 0 0 0 0 0 0 0 0 0 0 0 0 0 0 0 0 0 0 0 0
0 0 0 0 0 0 0 0 0 0 0 0 0 0 0 0 0 0 0 0 0 0 0 0 0 0 0 0 0 0 0 0 0
0 0 0 0 0 0 0 0 0 0 0 0 0 0 0 0 0 0 0 0 0 0 0 0 0 0 0 0 0 0 0 0 0
0 0 0 0 0 0 0 0 0 0 0 0 0 0 0 0 0 0 0 0 0 0 0 0 0 0 0 0 0 0 0 1 0
0 0 0 0 0 0 0 0 0 0 0 0 0 0 0 0 0 0 0 0 0 0 0 0 0 0 0 0 0 0 0 0 0
0 0 0 0 0 0 0 0 0 0 0 0 0 0 0 0 0 0 0 0 0 0 0 0 0 0 0 0 0 0 0 0 0
0 0 0 0 0 0 0 0 0 0 0 0 0 0 0 0 0 0 0 0 0 0 0 0 0 0 0 0 0 0 0 0 0
0 0 0 0 0 0 0 0 0 0 0 0 0 0 0 0 0 0 0 0 0 0 0 0 0 0 0 0 0 0 0 1 0
0 0 0 0 0 0 0 0 0 0 0 0 0 0 0 0 0 0 0 0 0 0 0 0 0 0 0 0 0 0 0 0 0
0 0 0 0 0 0 0 0 0 0 0 0 0 0 0 0 0 0 0 0 0 0 0 0 0 0 0 0 0 0 0 1 0
0 0 0 0 0 0 0 0 0 0 0 0 0 0 0 0 0 0 0 0 0 0 0 0 0 0 0 0 0 0 0 1 0
0 0 0 0 0 0 0 0 0 0 0 0 0 0 0 1 0 0 0 0 0 0 0 1 0 0 0 1 0 1 1 0 0
0 0 0 0 0 0 0 0 0 0 0 0 0 0 0 0 0 0 0 0 0 0 0 0 0 0 0 0 0 0 0 0 0

25
0: [0, 1, 2, 3]: 6 0
1: [0, 1, 2, 4]: 6 1
2: [0, 1, 2]: 14 0
3: [0, 1, 3]: 7 0
4: [0, 1, 4]: 7 1
5: [0, 1]: 13 0
6: [0, 2, 3]: 8 0
7: [0, 2, 4]: 8 1
8: [0, 2]: 15 0
9: [0, 3]: 9 0
10: [0, 4]: 9 1
11: [0]: 1 4
12: [1, 2, 3]: 10 0
13: [1, 2, 4]: 10 1
14: [1, 2]: 16 0
15: [1, 3]: 11 0
16: [1, 4]: 11 1
17: [1]: 5 1
18: [2, 3]: 12 0
19: [2, 4]: 12 1
20: [2]: 4 1
21: [3]: 3 2
22: [4]: 2 2
23: [5]: 2 0
24: []: 17 0
0 1 0 0 0 0 0 0 0 0 0 0 0 0 0 0 0 0 0 0 0 0 0 0 0
1 0 0 0 0 0 0 0 0 0 0 0 0 0 0 0 0 0 0 0 0 0 0 0 0
0 0 0 0 0 0 0 0 0 0 0 0 0 0 0 0 0 0 0 0 0 0 0 0 0
0 0 0 0 1 0 0 0 0 0 0 0 0 0 0 0 0 0 0 0 0 0 0 0 0
0 0 0 1 0 0 0 0 0 0 0 0 0 0 0 0 0 0 0 0 0 0 0 0 0
0 0 0 0 0 0 0 0 0 0 0 0 0 0 0 0 0 0 0 0 0 0 0 0 0
0 0 0 0 0 0 0 1 0 0 0 0 0 0 0 0 0 0 0 0 0 0 0 0 0
0 0 0 0 0 0 1 0 0 0 0 0 0 0 0 0 0 0 0 0 0 0 0 0 0
0 0 0 0 0 0 0 0 0 0 0 0 0 0 0 0 0 0 0 0 0 0 0 0 0
0 0 0 0 0 0 0 0 0 0 1 0 0 0 0 0 0 0 0 0 0 0 0 0 0
0 0 0 0 0 0 0 0 0 1 0 0 0 0 0 0 0 0 0 0 0 0 0 0 0
0 0 0 0 0 0 0 0 0 0 0 0 0 0 0 0 0 0 0 0 0 0 0 1 0
0 0 0 0 0 0 0 0 0 0 0 0 0 1 0 0 0 0 0 0 0 0 0 0 0
0 0 0 0 0 0 0 0 0 0 0 0 1 0 0 0 0 0 0 0 0 0 0 0 0
0 0 0 0 0 0 0 0 0 0 0 0 0 0 0 0 0 0 0 0 0 0 0 0 0
0 0 0 0 0 0 0 0 0 0 0 0 0 0 0 0 1 0 0 0 0 0 0 0 0
0 0 0 0 0 0 0 0 0 0 0 0 0 0 0 1 0 0 0 0 0 0 0 0 0
0 0 0 0 0 0 0 0 0 0 0 0 0 0 0 0 0 0 0 0 0 0 0 1 0
0 0 0 0 0 0 0 0 0 0 0 0 0 0 0 0 0 0 0 1 0 0 0 0 0
0 0 0 0 0 0 0 0 0 0 0 0 0 0 0 0 0 0 1 0 0 0 0 0 0
0 0 0 0 0 0 0 0 0 0 0 0 0 0 0 0 0 0 0 0 0 0 0 1 0
0 0 0 0 0 0 0 0 0 0 0 0 0 0 0 0 0 0 0 0 0 0 1 1 0
0 0 0 0 0 0 0 0 0 0 0 0 0 0 0 0 0 0 0 0 0 1 0 1 0
0 0 0 0 0 0 0 0 0 0 0 1 0 0 0 0 0 1 0 0 1 1 1 0 0
0 0 0 0 0 0 0 0 0 0 0 0 0 0 0 0 0 0 0 0 0 0 0 0 0

23
0: [0, 1, 2, 3]: 18 0
1: [0, 1, 2]: 15 1
2: [0, 1, 3]: 16 1
3: [0, 1, 4]: 16 0
4: [0, 1]: 17 0
5: [0, 2, 3]: 19 0
6: [0, 2]: 2 7
7: [0, 3]: 9 1
8: [0, 4]: 3 0
9: [0]: 10 4
10: [1, 2, 3]: 20 0
11: [1, 2]: 5 3
12: [1, 3]: 7 2
13: [1, 4]: 6 2
14: [1]: 14 1
15: [2, 3]: 3 4
16: [2, 5]: 3 3
17: [2]: 13 1
18: [3]: 11 2
19: [4, 5]: 3 1
20: [4]: 12 1
21: [5]: 11 0
22: []: 21 0
0 0 0 0 0 0 0 0 0 0 0 0 0 0 0 0 0 0 0 0 0 0 0
0 0 0 1 0 0 0 0 0 0 0 0 0 0 0 0 0 0 0 0 0 0 0
0 0 0 1 0 0 0 0 0 0 0 0 0 0 0 0 0 0 0 0 0 0 0
0 1 1 0 0 0 0 0 0 0 0 0 0 0 0 0 0 0 0 0 0 0 0
0 0 0 0 0 0 0 0 0 0 0 0 0 0 0 0 0 0 0 0 0 0 0
0 0 0 0 0 0 0 0 0 0 0 0 0 0 0 0 0 0 0 0 0 0 0
0 0 0 0 0 0 0 0 1 0 0 0 0 0 0 0 1 0 0 0 0 0 0
0 0 0 0 0 0 0 0 1 0 0 0 0 0 0 0 0 0 0 0 0 0 0
0 0 0 0 0 0 1 1 0 0 0 0 0 0 0 0 0 0 0 1 0 0 0
0 0 0 0 0 0 0 0 0 0 0 0 0 0 0 0 0 0 0 0 0 1 0
0 0 0 0 0 0 0 0 0 0 0 0 0 0 0 0 0 0 0 0 0 0 0
0 0 0 0 0 0 0 0 0 0 0 0 0 1 0 0 1 0 0 0 0 0 0
0 0 0 0 0 0 0 0 0 0 0 0 0 1 0 0 0 0 0 0 0 0 0
0 0 0 0 0 0 0 0 0 0 0 1 1 0 0 0 0 0 0 1 0 0 0
0 0 0 0 0 0 0 0 0 0 0 0 0 0 0 0 0 0 0 0 0 1 0
0 0 0 0 0 0 0 0 0 0 0 0 0 0 0 0 1 0 0 0 0 0 0
0 0 0 0 0 0 1 0 0 0 0 1 0 0 0 1 0 0 0 1 0 0 0
0 0 0 0 0 0 0 0 0 0 0 0 0 0 0 0 0 0 0 0 1 0 0
0 0 0 0 0 0 0 0 0 0 0 0 0 0 0 0 0 0 0 0 1 1 0
0 0 0 0 0 0 0 0 1 0 0 0 0 1 0 0 1 0 0 0 0 0 0
0 0 0 0 0 0 0 0 0 0 0 0 0 0 0 0 0 1 1 0 0 0 0
0 0 0 0 0 0 0 0 0 1 0 0 0 0 1 0 0 0 1 0 0 0 0
0 0 0 0 0 0 0 0 0 0 0 0 0 0 0 0 0 0 0 0 0 0 0

22
0: [0, 1, 2, 3]: 16 0
1: [0, 1, 2]: 13 1
2: [0, 1, 3]: 14 1
3: [0, 1, 4]: 14 0
4: [0, 1]: 15 0
5: [0, 2, 3]: 17 0
6: [0, 2]: 1 5
7: [0, 3]: 6 1
8: [0, 4]: 4 2
9: [0]: 8 4
10: [1, 2, 3]: 18 0
11: [1, 2]: 2 2
12: [1, 3]: 2 0
13: [1, 4]: 3 1
14: [1]: 12 1
15: [2, 3]: 19 0
16: [2]: 11 1
17: [3]: 9 2
18: [4, 5]: 4 1
19: [4]: 10 1
20: [5]: 9 0
21: []: 20 0
0 0 0 0 0 0 0 0 0 0 0 0 0 0 0 0 0 0 0 0 0 0
0 0 0 1 0 0 0 0 0 0 0 0 0 0 0 0 0 0 0 0 0 0
0 0 0 1 0 0 0 0 0 0 0 0 0 0 0 0 0 0 0 0 0 0
0 1 1 0 0 0 0 0 0 0 0 0 0 0 0 0 0 0 0 0 0 0
0 0 0 0 0 0 0 0 0 0 0 0 0 0 0 0 0 0 0 0 0 0
0 0 0 0 0 0 0 0 0 0 0 0 0 0 0 0 0 0 0 0 0 0
0 0 0 0 0 0 0 0 1 0 0 0 0 0 0 0 0 0 0 0 0 0
0 0 0 0 0 0 0 0 1 0 0 0 0 0 0 0 0 0 0 0 0 0
0 0 0 0 0 0 1 1 0 0 0 0 0 0 0 0 0 0 1 0 0 0
0 0 0 0 0 0 0 0 0 0 0 0 0 0 0 0 0 0 0 0 1 0
0 0 0 0 0 0 0 0 0 0 0 0 0 0 0 0 0 0 0 0 0 0
0 0 0 0 0 0 0 0 0 0 0 0 0 1 0 0 0 0 0 0 0 0
0 0 0 0 0 0 0 0 0 0 0 0 0 1 0 0 0 0 0 0 0 0
0 0 0 0 0 0 0 0 0 0 0 1 1 0 0 0 0 0 1 0 0 0
0 0 0 0 0 0 0 0 0 0 0 0 0 0 0 0 0 0 0 0 1 0
0 0 0 0 0 0 0 0 0 0 0 0 0 0 0 0 0 0 0 0 0 0
0 0 0 0 0 0 0 0 0 0 0 0 0 0 0 0 0 0 0 1 1 0
0 0 0 0 0 0 0 0 0 0 0 0 0 0 0 0 0 0 0 1 1 0
0 0 0 0 0 0 0 0 1 0 0 0 0 1 0 0 0 0 0 0 0 0
0 0 0 0 0 0 0 0 0 0 0 0 0 0 0 0 1 1 0 0 0 0
0 0 0 0 0 0 0 0 0 1 0 0 0 0 1 0 1 1 0 0 0 0
0 0 0 0 0 0 0 0 0 0 0 0 0 0 0 0 0 0 0 0 0 0

21
0: [0, 1, 2, 3]: 13 0
1: [0, 1, 2]: 6 1
2: [0, 1, 3]: 7 1
3: [0, 1, 4]: 7 0
4: [0, 1]: 12 0
5: [0, 2, 3]: 14 0
6: [0, 2]: 8 1
7: [0, 3]: 9 1
8: [0, 4]: 9 0
9: [0]: 1 4
10: [1, 2, 3]: 15 0
11: [1, 2]: 10 1
12: [1, 3]: 11 1
13: [1, 4]: 11 0
14: [1]: 5 1
15: [2, 3]: 16 0
16: [2]: 4 1
17: [3]: 2 2
18: [4]: 3 1
19: [5]: 2 0
20: []: 17 0
0 0 0 0 0 0 0 0 0 0 0 0 0 0 0 0 0 0 0 0 0
0 0 0 1 0 0 0 0 0 0 0 0 0 0 0 0 0 0 0 0 0
0 0 0 1 0 0 0 0 0 0 0 0 0 0 0 0 0 0 0 0 0
0 1 1 0 0 0 0 0 0 0 0 0 0 0 0 0 0 0 0 0 0
0 0 0 0 0 0 0 0 0 0 0 0 0 0 0 0 0 0 0 0 0
0 0 0 0 0 0 0 0 0 0 0 0 0 0 0 0 0 0 0 0 0
0 0 0 0 0 0 0 0 1 0 0 0 0 0 0 0 0 0 0 0 0
0 0 0 0 0 0 0 0 1 0 0 0 0 0 0 0 0 0 0 0 0
0 0 0 0 0 0 1 1 0 0 0 0 0 0 0 0 0 0 0 0 0
0 0 0 0 0 0 0 0 0 0 0 0 0 0 0 0 0 0 0 1 0
0 0 0 0 0 0 0 0 0 0 0 0 0 0 0 0 0 0 0 0 0
0 0 0 0 0 0 0 0 0 0 0 0 0 1 0 0 0 0 0 0 0
0 0 0 0 0 0 0 0 0 0 0 0 0 1 0 0 0 0 0 0 0
0 0 0 0 0 0 0 0 0 0 0 1 1 0 0 0 0 0 0 0 0
0 0 0 0 0 0 0 0 0 0 0 0 0 0 0 0 0 0 0 1 0
0 0 0 0 0 0 0 0 0 0 0 0 0 0 0 0 0 0 0 0 0
0 0 0 0 0 0 0 0 0 0 0 0 0 0 0 0 0 0 1 1 0
0 0 0 0 0 0 0 0 0 0 0 0 0 0 0 0 0 0 1 1 0
0 0 0 0 0 0 0 0 0 0 0 0 0 0 0 0 1 1 0 1 0
0 0 0 0 0 0 0 0 0 1 0 0 0 0 1 0 1 1 1 0 0
0 0 0 0 0 0 0 0 0 0 0 0 0 0 0 0 0 0 0 0 0

20
0: [0, 1, 2, 3]: 12 0
1: [0, 1, 2]: 11 0
2: [0, 1, 3]: 13 0
3: [0, 1]: 6 3
4: [0, 2, 3]: 15 0
5: [0, 2]: 9 1
6: [0, 3]: 7 2
7: [0, 4]: 7 1
8: [0]: 1 4
9: [1, 2, 3]: 18 0
10: [1, 2]: 16 0
11: [1, 3]: 19 0
12: [1]: 3 1
13: [2, 3]: 20 0
14: [2]: 5 1
15: [3]: 2 3
16: [4, 5]: 7 0
17: [4]: 3 2
18: [5]: 2 0
19: []: 22 0
0 0 0 0 0 0 0 0 0 0 0 0 0 0 0 0 0 0 0 0
0 0 0 0 0 0 0 0 0 0 0 0 0 0 0 0 0 0 0 0
0 0 0 0 0 0 0 0 0 0 0 0 0 0 0 0 0 0 0 0
0 0 0 0 0 0 0 1 0 0 0 0 0 0 0 0 0 0 0 0
0 0 0 0 0 0 0 0 0 0 0 0 0 0 0 0 0 0 0 0
0 0 0 0 0 0 0 1 0 0 0 0 0 0 0 0 0 0 0 0
0 0 0 0 0 0 0 1 0 0 0 0 0 0 0 0 0 0 0 0
0 0 0 1 0 1 1 0 0 0 0 0 0 0 0 0 1 0 0 0
0 0 0 0 0 0 0 0 0 0 0 0 0 0 0 0 0 0 1 0
0 0 0 0 0 0 0 0 0 0 0 0 0 0 0 0 0 0 0 0
0 0 0 0 0 0 0 0 0 0 0 0 0 0 0 0 0 0 0 0
0 0 0 0 0 0 0 0 0 0 0 0 0 0 0 0 0 0 0 0
0 0 0 0 0 0 0 0 0 0 0 0 0 0 0 0 0 1 1 0
0 0 0 0 0 0 0 0 0 0 0 0 0 0 0 0 0 0 0 0
0 0 0 0 0 0 0 0 0 0 0 0 0 0 0 0 0 1 1 0
0 0 0 0 0 0 0 0 0 0 0 0 0 0 0 0 0 1 1 0
0 0 0 0 0 0 0 1 0 0 0 0 0 0 0 0 0 0 0 0
0 0 0 0 0 0 0 0 0 0 0 0 1 0 1 1 0 0 0 0
0 0 0 0 0 0 0 0 1 0 0 0 1 0 1 1 0 0 0 0
0 0 0 0 0 0 0 0 0 0 0 0 0 0 0 0 0 0 0 0

19
0: [0, 1, 2, 3]: 10 0
1: [0, 1, 2]: 9 0
2: [0, 1, 3]: 11 0
3: [0, 1]: 6 2
4: [0, 2, 3]: 12 0
5: [0, 2]: 8 1
6: [0, 3]: 7 1
7: [0, 4]: 7 0
8: [0]: 1 4
9: [1, 2, 3]: 14 0
10: [1, 2]: 13 0
11: [1, 3]: 15 0
12: [1]: 4 1
13: [2, 3]: 16 0
14: [2]: 5 1
15: [3]: 2 3
16: [4]: 3 2
17: [5]: 2 0
18: []: 17 0
0 0 0 0 0 0 0 0 0 0 0 0 0 0 0 0 0 0 0
0 0 0 0 0 0 0 0 0 0 0 0 0 0 0 0 0 0 0
0 0 0 0 0 0 0 0 0 0 0 0 0 0 0 0 0 0 0
0 0 0 0 0 0 0 1 0 0 0 0 0 0 0 0 0 0 0
0 0 0 0 0 0 0 0 0 0 0 0 0 0 0 0 0 0 0
0 0 0 0 0 0 0 1 0 0 0 0 0 0 0 0 0 0 0
0 0 0 0 0 0 0 1 0 0 0 0 0 0 0 0 0 0 0
0 0 0 1 0 1 1 0 0 0 0 0 0 0 0 0 0 0 0
0 0 0 0 0 0 0 0 0 0 0 0 0 0 0 0 0 1 0
0 0 0 0 0 0 0 0 0 0 0 0 0 0 0 0 0 0 0
0 0 0 0 0 0 0 0 0 0 0 0 0 0 0 0 0 0 0
0 0 0 0 0 0 0 0 0 0 0 0 0 0 0 0 0 0 0
0 0 0 0 0 0 0 0 0 0 0 0 0 0 0 0 1 1 0
0 0 0 0 0 0 0 0 0 0 0 0 0 0 0 0 0 0 0
0 0 0 0 0 0 0 0 0 0 0 0 0 0 0 0 1 1 0
0 0 0 0 0 0 0 0 0 0 0 0 0 0 0 0 1 1 0
0 0 0 0 0 0 0 0 0 0 0 0 1 0 1 1 0 1 0
0 0 0 0 0 0 0 0 1 0 0 0 1 0 1 1 1 0 0
0 0 0 0 0 0 0 0 0 0 0 0 0 0 0 0 0 0 0

26
0: [0, 1, 2, 3]: 14 0
1: [0, 1, 2]: 13 0
2: [0, 1, 3]: 15 0
3: [0, 1]: 1 5
4: [0, 2, 3]: 16 0
5: [0, 2]: 6 1
6: [0, 3]: 2 1
7: [0, 5]: 2 0
8: [0]: 8 4
9: [1, 2, 3, 4]: 14 1
10: [1, 2, 3]: 18 0
11: [1, 2, 4]: 13 1
12: [1, 2]: 17 0
13: [1, 3, 4]: 15 1
14: [1, 3]: 19 0
15: [1, 4]: 3 2
16: [1]: 12 1
17: [2, 3, 4]: 16 1
18: [2, 3]: 20 0
19: [2, 4]: 5 1
20: [2]: 9 0
21: [3, 4]: 3 1
22: [3]: 11 1
23: [4]: 9 2
24: [5]: 10 2
25: []: 21 0
0 0 0 0 0 0 0 0 0 1 0 0 0 0 0 0 0 0 0 0 0 0 0 0 0 0
0 0 0 0 0 0 0 0 0 0 0 1 0 0 0 0 0 0 0 0 0 0 0 0 0 0
0 0 0 0 0 0 0 0 0 0 0 0 0 1 0 0 0 0 0 0 0 0 0 0 0 0
0 0 0 0 0 0 0 1 0 0 0 0 0 0 0 1 0 0 0 0 0 0 0 0 0 0
0 0 0 0 0 0 0 0 0 0 0 0 0 0 0 0 0 1 0 0 0 0 0 0 0 0
0 0 0 0 0 0 0 1 0 0 0 0 0 0 0 0 0 0 0 1 0 0 0 0 0 0
0 0 0 0 0 0 0 1 0 0 0 0 0 0 0 0 0 0 0 0 0 1 0 0 0 0
0 0 0 1 0 1 1 0 0 0 0 0 0 0 0 0 0 0 0 0 0 0 0 0 0 0
0 0 0 0 0 0 0 0 0 0 0 0 0 0 0 0 0 0 0 0 0 0 0 1 0 0
1 0 0 0 0 0 0 0 0 0 0 0 0 0 0 0 0 0 0 0 0 0 0 0 0 0
0 0 0 0 0 0 0 0 0 0 0 0 0 0 0 0 0 0 0 0 0 0 0 0 0 0
0 1 0 0 0 0 0 0 0 0 0 0 0 0 0 0 0 0 0 0 0 0 0 0 0 0
0 0 0 0 0 0 0 0 0 0 0 0 0 0 0 0 0 0 0 0 0 0 0 0 0 0
0 0 1 0 0 0 0 0 0 0 0 0 0 0 0 0 0 0 0 0 0 0 0 0 0 0
0 0 0 0 0 0 0 0 0 0 0 0 0 0 0 0 0 0 0 0 0 0 0 0 0 0
0 0 0 1 0 0 0 0 0 0 0 0 0 0 0 0 0 0 0 0 0 0 0 0 0 0
0 0 0 0 0 0 0 0 0 0 0 0 0 0 0 0 0 0 0 0 0 0 0 0 1 0
0 0 0 0 1 0 0 0 0 0 0 0 0 0 0 0 0 0 0 0 0 0 0 0 0 0
0 0 0 0 0 0 0 0 0 0 0 0 0 0 0 0 0 0 0 0 0 0 0 0 0 0
0 0 0 0 0 1 0 0 0 0 0 0 0 0 0 0 0 0 0 0 0 0 0 0 0 0
0 0 0 0 0 0 0 0 0 0 0 0 0 0 0 0 0 0 0 0 0 0 0 0 1 0
0 0 0 0 0 0 1 0 0 0 0 0 0 0 0 0 0 0 0 0 0 0 0 0 0 0
0 0 0 0 0 0 0 0 0 0 0 0 0 0 0 0 0 0 0 0 0 0 0 0 1 0
0 0 0 0 0 0 0 0 1 0 0 0 0 0 0 0 0 0 0 0 0 0 0 0 1 0
0 0 0 0 0 0 0 0 0 0 0 0 0 0 0 0 1 0 0 0 1 0 1 1 0 0
0 0 0 0 0 0 0 0 0 0 0 0 0 0 0 0 0 0 0 0 0 0 0 0 0 0

24
0: [0, 1, 2, 3]: 18 0
1: [0, 1, 2]: 14 1
2: [0, 1, 3]: 16 1
3: [0, 1]: 2 6
4: [0, 2, 3]: 17 1
5: [0, 2]: 8 1
6: [0, 3, 5]: 17 0
7: [0, 3]: 19 0
8: [0, 5]: 5 3
9: [0]: 9 4
10: [1, 2, 3]: 15 1
11: [1, 2, 4]: 15 0
12: [1, 2]: 20 0
13: [1, 3]: 3 1
14: [1, 4]: 3 2
15: [1]: 13 1
16: [2, 3]: 3 0
17: [2, 4]: 7 1
18: [2]: 12 1
19: [3, 5]: 5 1
20: [3]: 10 2
21: [4]: 10 0
22: [5]: 11 2
23: []: 21 0
0 0 0 0 0 0 0 0 0 0 0 0 0 0 0 0 0 0 0 0 0 0 0 0
0 0 0 0 0 0 0 0 0 0 0 1 0 0 0 0 0 0 0 0 0 0 0 0
0 0 0 0 0 0 1 0 0 0 0 0 0 0 0 0 0 0 0 0 0 0 0 0
0 0 0 0 0 0 0 0 1 0 0 0 0 0 1 0 0 0 0 0 0 0 0 0
0 0 0 0 0 0 1 0 0 0 0 0 0 0 0 0 0 0 0 0 0 0 0 0
0 0 0 0 0 0 0 0 1 0 0 0 0 0 0 0 0 1 0 0 0 0 0 0
0 0 1 0 1 0 0 0 0 0 0 0 0 0 0 0 0 0 0 0 0 0 0 0
0 0 0 0 0 0 0 0 0 0 0 0 0 0 0 0 0 0 0 0 0 0 0 0
0 0 0 1 0 1 0 0 0 0 0 0 0 0 0 0 0 0 0 0 0 0 0 0
0 0 0 0 0 0 0 0 0 0 0 0 0 0 0 0 0 0 0 0 0 1 0 0
0 0 0 0 0 0 0 0 0 0 0 1 0 0 0 0 0 0 0 0 0 0 0 0
0 1 0 0 0 0 0 0 0 0 1 0 0 0 0 0 0 0 0 0 0 0 0 0
0 0 0 0 0 0 0 0 0 0 0 0 0 0 0 0 0 0 0 0 0 0 0 0
0 0 0 0 0 0 0 0 0 0 0 0 0 0 1 0 0 0 0 1 0 0 0 0
0 0 0 1 0 0 0 0 0 0 0 0 0 1 0 0 0 0 0 0 0 0 0 0
0 0 0 0 0 0 0 0 0 0 0 0 0 0 0 0 0 0 0 0 0 0 1 0
0 0 0 0 0 0 0 0 0 0 0 0 0 0 0 0 0 1 0 1 0 0 0 0
0 0 0 0 0 1 0 0 0 0 0 0 0 0 0 0 1 0 0 0 0 0 0 0
0 0 0 0 0 0 0 0 0 0 0 0 0 0 0 0 0 0 0 0 0 0 1 0
0 0 0 0 0 0 0 0 0 0 0 0 0 1 0 0 1 0 0 0 0 0 0 0
0 0 0 0 0 0 0 0 0 0 0 0 0 0 0 0 0 0 0 0 0 1 0 0
0 0 0 0 0 0 0 0 0 1 0 0 0 0 0 0 0 0 0 0 1 0 1 0
0 0 0 0 0 0 0 0 0 0 0 0 0 0 0 1 0 0 1 0 0 1 0 0
0 0 0 0 0 0 0 0 0 0 0 0 0 0 0 0 0 0 0 0 0 0 0 0

22
0: [0, 1, 2, 3]: 16 0
1: [0, 1, 2]: 14 1
2: [0, 1, 3]: 17 0
3: [0, 1]: 2 6
4: [0, 2, 3]: 18 0
5: [0, 2]: 8 1
6: [0, 3]: 5 3
7: [0, 5]: 5 2
8: [0]: 9 4
9: [1, 2, 3]: 15 1
10: [1, 2, 4]: 15 0
11: [1, 2]: 19 0
12: [1, 3]: 3 2
13: [1, 4]: 3 3
14: [1]: 12 1
15: [2, 3]: 3 0
16: [2, 4]: 6 1
17: [2]: 13 1
18: [3]: 10 0
19: [4]: 10 2
20: [5]: 11 2
21: []: 20 0
0 0 0 0 0 0 0 0 0 0 0 0 0 0 0 0 0 0 0 0 0 0
0 0 0 0 0 0 0 0 0 0 1 0 0 0 0 0 0 0 0 0 0 0
0 0 0 0 0 0 0 0 0 0 0 0 0 0 0 0 0 0 0 0 0 0
0 0 0 0 0 0 0 1 0 0 0 0 0 1 0 0 0 0 0 0 0 0
0 0 0 0 0 0 0 0 0 0 0 0 0 0 0 0 0 0 0 0 0 0
0 0 0 0 0 0 0 1 0 0 0 0 0 0 0 0 1 0 0 0 0 0
0 0 0 0 0 0 0 1 0 0 0 0 0 0 0 0 0 0 0 0 0 0
0 0 0 1 0 1 1 0 0 0 0 0 0 0 0 0 0 0 0 0 0 0
0 0 0 0 0 0 0 0 0 0 0 0 0 0 0 0 0 0 0 1 0 0
0 0 0 0 0 0 0 0 0 0 1 0 0 0 0 0 0 0 0 0 0 0
0 1 0 0 0 0 0 0 0 1 0 0 0 0 0 0 0 0 0 0 0 0
0 0 0 0 0 0 0 0 0 0 0 0 0 0 0 0 0 0 0 0 0 0
0 0 0 0 0 0 0 0 0 0 0 0 0 1 0 0 0 0 0 0 0 0
0 0 0 1 0 0 0 0 0 0 0 0 1 0 0 0 0 0 0 0 0 0
0 0 0 0 0 0 0 0 0 0 0 0 0 0 0 0 0 0 0 0 1 0
0 0 0 0 0 0 0 0 0 0 0 0 0 0 0 0 1 0 0 0 0 0
0 0 0 0 0 1 0 0 0 0 0 0 0 0 0 1 0 0 0 0 0 0
0 0 0 0 0 0 0 0 0 0 0 0 0 0 0 0 0 0 0 0 1 0
0 0 0 0 0 0 0 0 0 0 0 0 0 0 0 0 0 0 0 1 1 0
0 0 0 0 0 0 0 0 1 0 0 0 0 0 0 0 0 0 1 0 1 0
0 0 0 0 0 0 0 0 0 0 0 0 0 0 1 0 0 1 1 1 0 0
0 0 0 0 0 0 0 0 0 0 0 0 0 0 0 0 0 0 0 0 0 0

21
0: [0, 1, 2, 3]: 17 0
1: [0, 1, 2]: 15 0
2: [0, 1, 3]: 18 0
3: [0, 1]: 2 6
4: [0, 2, 3]: 20 0
5: [0, 2]: 8 1
6: [0, 3]: 7 1
7: [0, 5]: 3 0
8: [0]: 9 4
9: [1, 2, 3]: 21 0
10: [1, 2]: 5 2
11: [1, 3]: 3 3
12: [1, 4]: 3 2
13: [1]: 13 1
14: [2, 3]: 23 0
15: [2]: 10 0
16: [3]: 11 2
17: [4, 5]: 3 1
18: [4]: 10 2
19: [5]: 12 1
20: []: 25 0
0 0 0 0 0 0 0 0 0 0 0 0 0 0 0 0 0 0 0 0 0
0 0 0 0 0 0 0 0 0 0 0 0 0 0 0 0 0 0 0 0 0
0 0 0 0 0 0 0 0 0 0 0 0 0 0 0 0 0 0 0 0 0
0 0 0 0 0 0 0 1 0 0 0 0 1 0 0 0 0 0 0 0 0
0 0 0 0 0 0 0 0 0 0 0 0 0 0 0 0 0 0 0 0 0
0 0 0 0 0 0 0 1 0 0 0 0 0 0 0 0 0 0 0 0 0
0 0 0 0 0 0 0 1 0 0 0 0 0 0 0 0 0 0 0 0 0
0 0 0 1 0 1 1 0 0 0 0 0 0 0 0 0 0 1 0 0 0
0 0 0 0 0 0 0 0 0 0 0 0 0 0 0 0 0 0 1 0 0
0 0 0 0 0 0 0 0 0 0 0 0 0 0 0 0 0 0 0 0 0
0 0 0 0 0 0 0 0 0 0 0 0 1 0 0 0 0 0 0 0 0
0 0 0 0 0 0 0 0 0 0 0 0 1 0 0 0 0 0 0 0 0
0 0 0 1 0 0 0 0 0 0 1 1 0 0 0 0 0 1 0 0 0
0 0 0 0 0 0 0 0 0 0 0 0 0 0 0 0 0 0 0 1 0
0 0 0 0 0 0 0 0 0 0 0 0 0 0 0 0 0 0 0 0 0
0 0 0 0 0 0 0 0 0 0 0 0 0 0 0 0 0 0 1 1 0
0 0 0 0 0 0 0 0 0 0 0 0 0 0 0 0 0 0 1 1 0
0 0 0 0 0 0 0 1 0 0 0 0 1 0 0 0 0 0 0 0 0
0 0 0 0 0 0 0 0 1 0 0 0 0 0 0 1 1 0 0 0 0
0 0 0 0 0 0 0 0 0 0 0 0 0 1 0 1 1 0 0 0 0
0 0 0 0 0 0 0 0 0 0 0 0 0 0 0 0 0 0 0 0 0

20
0: [0, 1, 2, 3]: 15 0
1: [0, 1, 2]: 14 0
2: [0, 1, 3]: 17 0
3: [0, 1]: 1 5
4: [0, 2, 3]: 19 0
5: [0, 2]: 6 1
6: [0, 3]: 2 1
7: [0, 5]: 2 0
8: [0]: 8 4
9: [1, 2, 3]: 20 0
10: [1, 2]: 2 2
11: [1, 3]: 4 2
12: [1, 4]: 2 3
13: [1]: 12 1
14: [2, 3]: 22 0
15: [2]: 9 0
16: [3]: 9 3
17: [4]: 9 1
18: [5]: 11 1
19: []: 23 0
0 0 0 0 0 0 0 0 0 0 0 0 0 0 0 0 0 0 0 0
0 0 0 0 0 0 0 0 0 0 0 0 0 0 0 0 0 0 0 0
0 0 0 0 0 0 0 0 0 0 0 0 0 0 0 0 0 0 0 0
0 0 0 0 0 0 0 1 0 0 0 0 1 0 0 0 0 0 0 0
0 0 0 0 0 0 0 0 0 0 0 0 0 0 0 0 0 0 0 0
0 0 0 0 0 0 0 1 0 0 0 0 0 0 0 0 0 0 0 0
0 0 0 0 0 0 0 1 0 0 0 0 0 0 0 0 0 0 0 0
0 0 0 1 0 1 1 0 0 0 0 0 0 0 0 0 0 0 0 0
0 0 0 0 0 0 0 0 0 0 0 0 0 0 0 0 0 1 0 0
0 0 0 0 0 0 0 0 0 0 0 0 0 0 0 0 0 0 0 0
0 0 0 0 0 0 0 0 0 0 0 0 1 0 0 0 0 0 0 0
0 0 0 0 0 0 0 0 0 0 0 0 1 0 0 0 0 0 0 0
0 0 0 1 0 0 0 0 0 0 1 1 0 0 0 0 0 0 0 0
0 0 0 0 0 0 0 0 0 0 0 0 0 0 0 0 0 0 1 0
0 0 0 0 0 0 0 0 0 0 0 0 0 0 0 0 0 0 0 0
0 0 0 0 0 0 0 0 0 0 0 0 0 0 0 0 0 1 1 0
0 0 0 0 0 0 0 0 0 0 0 0 0 0 0 0 0 1 1 0
0 0 0 0 0 0 0 0 1 0 0 0 0 0 0 1 1 0 1 0
0 0 0 0 0 0 0 0 0 0 0 0 0 1 0 1 1 1 0 0
0 0 0 0 0 0 0 0 0 0 0 0 0 0 0 0 0 0 0 0

19
0: [0, 1, 2, 3]: 10 0
1: [0, 1, 2]: 8 0
2: [0, 1, 3]: 12 0
3: [0, 1]: 7 0
4: [0, 2, 3]: 15 0
5: [0, 2]: 13 0
6: [0, 3]: 17 0
7: [0]: 1 4
8: [1, 2, 3]: 20 0
9: [1, 2]: 18 0
10: [1, 3]: 21 0
11: [1]: 5 1
12: [2, 3]: 23 0
13: [2]: 3 1
14: [3]: 2 2
15: [4, 5]: 25 0
16: [4]: 3 2
17: [5]: 2 0
18: []: 26 0
0 0 0 0 0 0 0 0 0 0 0 0 0 0 0 0 0 0 0
0 0 0 0 0 0 0 0 0 0 0 0 0 0 0 0 0 0 0
0 0 0 0 0 0 0 0 0 0 0 0 0 0 0 0 0 0 0
0 0 0 0 0 0 0 0 0 0 0 0 0 0 0 0 0 0 0
0 0 0 0 0 0 0 0 0 0 0 0 0 0 0 0 0 0 0
0 0 0 0 0 0 0 0 0 0 0 0 0 0 0 0 0 0 0
0 0 0 0 0 0 0 0 0 0 0 0 0 0 0 0 0 0 0
0 0 0 0 0 0 0 0 0 0 0 0 0 0 0 0 1 1 0
0 0 0 0 0 0 0 0 0 0 0 0 0 0 0 0 0 0 0
0 0 0 0 0 0 0 0 0 0 0 0 0 0 0 0 0 0 0
0 0 0 0 0 0 0 0 0 0 0 0 0 0 0 0 0 0 0
0 0 0 0 0 0 0 0 0 0 0 0 0 0 0 0 1 1 0
0 0 0 0 0 0 0 0 0 0 0 0 0 0 0 0 0 0 0
0 0 0 0 0 0 0 0 0 0 0 0 0 0 0 0 1 1 0
0 0 0 0 0 0 0 0 0 0 0 0 0 0 0 0 1 1 0
0 0 0 0 0 0 0 0 0 0 0 0 0 0 0 0 0 0 0
0 0 0 0 0 0 0 1 0 0 0 1 0 1 1 0 0 0 0
0 0 0 0 0 0 0 1 0 0 0 1 0 1 1 0 0 0 0
0 0 0 0 0 0 0 0 0 0 0 0 0 0 0 0 0 0 0

18
0: [0, 1, 2, 3]: 10 0
1: [0, 1, 2]: 8 0
2: [0, 1, 3]: 12 0
3: [0, 1]: 7 0
4: [0, 2, 3]: 15 0
5: [0, 2]: 13 0
6: [0, 3]: 17 0
7: [0]: 1 4
8: [1, 2, 3]: 20 0
9: [1, 2]: 18 0
10: [1, 3]: 21 0
11: [1]: 5 1
12: [2, 3]: 23 0
13: [2]: 4 1
14: [3]: 3 1
15: [4]: 2 3
16: [5]: 2 0
17: []: 25 0
0 0 0 0 0 0 0 0 0 0 0 0 0 0 0 0 0 0
0 0 0 0 0 0 0 0 0 0 0 0 0 0 0 0 0 0
0 0 0 0 0 0 0 0 0 0 0 0 0 0 0 0 0 0
0 0 0 0 0 0 0 0 0 0 0 0 0 0 0 0 0 0
0 0 0 0 0 0 0 0 0 0 0 0 0 0 0 0 0 0
0 0 0 0 0 0 0 0 0 0 0 0 0 0 0 0 0 0
0 0 0 0 0 0 0 0 0 0 0 0 0 0 0 0 0 0
0 0 0 0 0 0 0 0 0 0 0 0 0 0 0 1 1 0
0 0 0 0 0 0 0 0 0 0 0 0 0 0 0 0 0 0
0 0 0 0 0 0 0 0 0 0 0 0 0 0 0 0 0 0
0 0 0 0 0 0 0 0 0 0 0 0 0 0 0 0 0 0
0 0 0 0 0 0 0 0 0 0 0 0 0 0 0 1 1 0
0 0 0 0 0 0 0 0 0 0 0 0 0 0 0 0 0 0
0 0 0 0 0 0 0 0 0 0 0 0 0 0 0 1 1 0
0 0 0 0 0 0 0 0 0 0 0 0 0 0 0 1 1 0
0 0 0 0 0 0 0 1 0 0 0 1 0 1 1 0 1 0
0 0 0 0 0 0 0 1 0 0 0 1 0 1 1 1 0 0
0 0 0 0 0 0 0 0 0 0 0 0 0 0 0 0 0 0

18
0: [0, 1, 2]: 13 1
1: [0, 1, 3]: 14 1
2: [0, 1, 4]: 14 0
3: [0, 1]: 15 0
4: [0, 2]: 1 5
5: [0, 3]: 6 1
6: [0, 4]: 2 0
7: [0]: 8 4
8: [1, 2]: 3 2
9: [1, 3]: 2 3
10: [1, 4]: 2 1
11: [1]: 12 1
12: [2, 5]: 5 1
13: [2]: 11 1
14: [3]: 10 1
15: [4]: 9 2
16: [5]: 9 0
17: []: 16 0
0 1 1 0 0 0 0 0 0 0 0 0 0 0 0 0 0 0
1 0 1 0 0 0 0 0 0 0 0 0 0 0 0 0 0 0
1 1 0 0 0 0 0 0 0 0 0 0 0 0 0 0 0 0
0 0 0 0 0 0 0 0 0 0 0 0 0 0 0 0 0 0
0 0 0 0 0 1 1 0 0 0 0 0 1 0 0 0 0 0
0 0 0 0 1 0 1 0 0 0 0 0 0 0 0 0 0 0
0 0 0 0 1 1 0 0 0 0 0 0 0 0 0 0 0 0
0 0 0 0 0 0 0 0 0 0 0 0 0 0 0 0 1 0
0 0 0 0 0 0 0 0 0 1 1 0 1 0 0 0 0 0
0 0 0 0 0 0 0 0 1 0 1 0 0 0 0 0 0 0
0 0 0 0 0 0 0 0 1 1 0 0 0 0 0 0 0 0
0 0 0 0 0 0 0 0 0 0 0 0 0 0 0 0 1 0
0 0 0 0 1 0 0 0 1 0 0 0 0 0 0 0 0 0
0 0 0 0 0 0 0 0 0 0 0 0 0 0 1 1 0 0
0 0 0 0 0 0 0 0 0 0 0 0 0 1 0 1 1 0
0 0 0 0 0 0 0 0 0 0 0 0 0 1 1 0 1 0
0 0 0 0 0 0 0 1 0 0 0 1 0 0 1 1 0 0
0 0 0 0 0 0 0 0 0 0 0 0 0 0 0 0 0 0

17
0: [0, 1, 2]: 6 1
1: [0, 1, 3]: 7 1
2: [0, 1, 4]: 7 0
3: [0, 1]: 12 0
4: [0, 2]: 8 1
5: [0, 3]: 9 1
6: [0, 4]: 9 0
7: [0]: 1 4
8: [1, 2]: 10 1
9: [1, 3]: 11 1
10: [1, 4]: 11 0
11: [1]: 5 1
12: [2]: 3 1
13: [3]: 4 1
14: [4]: 2 2
15: [5]: 2 0
16: []: 13 0
0 1 1 0 0 0 0 0 0 0 0 0 0 0 0 0 0
1 0 1 0 0 0 0 0 0 0 0 0 0 0 0 0 0
1 1 0 0 0 0 0 0 0 0 0 0 0 0 0 0 0
0 0 0 0 0 0 0 0 0 0 0 0 0 0 0 0 0
0 0 0 0 0 1 1 0 0 0 0 0 0 0 0 0 0
0 0 0 0 1 0 1 0 0 0 0 0 0 0 0 0 0
0 0 0 0 1 1 0 0 0 0 0 0 0 0 0 0 0
0 0 0 0 0 0 0 0 0 0 0 0 0 0 0 1 0
0 0 0 0 0 0 0 0 0 1 1 0 0 0 0 0 0
0 0 0 0 0 0 0 0 1 0 1 0 0 0 0 0 0
0 0 0 0 0 0 0 0 1 1 0 0 0 0 0 0 0
0 0 0 0 0 0 0 0 0 0 0 0 0 0 0 1 0
0 0 0 0 0 0 0 0 0 0 0 0 0 1 1 1 0
0 0 0 0 0 0 0 0 0 0 0 0 1 0 1 1 0
0 0 0 0 0 0 0 0 0 0 0 0 1 1 0 1 0
0 0 0 0 0 0 0 1 0 0 0 1 1 1 1 0 0
0 0 0 0 0 0 0 0 0 0 0 0 0 0 0 0 0

18
0: [0, 1, 2]: 14 1
1: [0, 1, 3]: 15 1
2: [0, 1]: 2 6
3: [0, 2]: 8 1
4: [0, 3, 4]: 15 0
5: [0, 3]: 6 2
6: [0, 4]: 3 5
7: [0]: 9 4
8: [1, 2]: 3 0
9: [1, 3]: 4 1
10: [1]: 13 1
11: [2, 5]: 6 1
12: [2]: 11 1
13: [3, 4]: 3 2
14: [3]: 10 2
15: [4]: 12 1
16: [5]: 10 0
17: []: 16 0
0 1 0 0 0 0 0 0 0 0 0 0 0 0 0 0 0 0
1 0 0 0 1 0 0 0 0 0 0 0 0 0 0 0 0 0
0 0 0 0 0 0 1 0 0 0 0 0 0 0 0 0 0 0
0 0 0 0 0 1 1 0 0 0 0 1 0 0 0 0 0 0
0 1 0 0 0 0 0 0 0 0 0 0 0 0 0 0 0 0
0 0 0 1 0 0 0 0 0 0 0 0 0 0 0 0 0 0
0 0 1 1 0 0 0 0 0 0 0 0 0 0 0 0 0 0
0 0 0 0 0 0 0 0 0 0 0 0 0 0 0 0 1 0
0 0 0 0 0 0 0 0 0 1 0 1 0 0 0 0 0 0
0 0 0 0 0 0 0 0 1 0 0 0 0 1 0 0 0 0
0 0 0 0 0 0 0 0 0 0 0 0 0 0 0 1 1 0
0 0 0 1 0 0 0 0 1 0 0 0 0 0 0 0 0 0
0 0 0 0 0 0 0 0 0 0 0 0 0 0 1 1 0 0
0 0 0 0 0 0 0 0 0 1 0 0 0 0 0 0 0 0
0 0 0 0 0 0 0 0 0 0 0 0 1 0 0 0 1 0
0 0 0 0 0 0 0 0 0 0 1 0 1 0 0 0 1 0
0 0 0 0 0 0 0 1 0 0 1 0 0 0 1 1 0 0
0 0 0 0 0 0 0 0 0 0 0 0 0 0 0 0 0 0

15
0: [0, 1, 2]: 9 0
1: [0, 1, 3]: 9 1
2: [0, 1]: 6 2
3: [0, 2]: 8 1
4: [0, 3]: 7 1
5: [0, 4]: 7 0
6: [0]: 1 4
7: [1, 2]: 10 0
8: [1, 3]: 10 1
9: [1]: 4 1
10: [2]: 5 1
11: [3]: 2 3
12: [4]: 3 2
13: [5]: 2 0
14: []: 11 0
0 1 0 0 0 0 0 0 0 0 0 0 0 0 0
1 0 0 0 0 0 0 0 0 0 0 0 0 0 0
0 0 0 0 0 1 0 0 0 0 0 0 0 0 0
0 0 0 0 1 1 0 0 0 0 0 0 0 0 0
0 0 0 1 0 1 0 0 0 0 0 0 0 0 0
0 0 1 1 1 0 0 0 0 0 0 0 0 0 0
0 0 0 0 0 0 0 0 0 0 0 0 0 1 0
0 0 0 0 0 0 0 0 1 0 0 0 0 0 0
0 0 0 0 0 0 0 1 0 0 0 0 0 0 0
0 0 0 0 0 0 0 0 0 0 0 0 1 1 0
0 0 0 0 0 0 0 0 0 0 0 1 1 1 0
0 0 0 0 0 0 0 0 0 0 1 0 1 1 0
0 0 0 0 0 0 0 0 0 1 1 1 0 1 0
0 0 0 0 0 0 1 0 0 1 1 1 1 0 0
0 0 0 0 0 0 0 0 0 0 0 0 0 0 0

20
0: [0, 1, 2]: 15 2
1: [0, 1, 3]: 17 1
2: [0, 1]: 2 7
3: [0, 2]: 9 1
4: [0, 3, 5]: 16 0
5: [0, 3]: 3 0
6: [0, 5]: 7 2
7: [0]: 10 4
8: [1, 2, 4]: 16 1
9: [1, 2]: 3 2
10: [1, 3]: 4 3
11: [1, 4]: 5 3
12: [1]: 14 1
13: [2, 4]: 8 1
14: [2]: 12 1
15: [3, 5]: 3 4
16: [3]: 11 2
17: [4]: 11 0
18: [5]: 13 1
19: []: 18 0
0 1 0 0 0 0 0 0 1 0 0 0 0 0 0 0 0 0 0 0
1 0 0 0 1 0 0 0 0 0 0 0 0 0 0 0 0 0 0 0
0 0 0 0 0 0 1 0 0 0 0 1 0 0 0 0 0 0 0 0
0 0 0 0 0 1 1 0 0 0 0 0 0 1 0 0 0 0 0 0
0 1 0 0 0 0 0 0 0 0 0 0 0 0 0 0 0 0 0 0
0 0 0 1 0 0 0 0 0 0 0 0 0 0 0 0 0 0 0 0
0 0 1 1 0 0 0 0 0 0 0 0 0 0 0 0 0 0 0 0
0 0 0 0 0 0 0 0 0 0 0 0 0 0 0 0 0 1 0 0
1 0 0 0 0 0 0 0 0 0 0 0 0 0 0 0 0 0 0 0
0 0 0 0 0 0 0 0 0 0 1 0 0 0 0 0 0 0 0 0
0 0 0 0 0 0 0 0 0 1 0 1 0 0 0 1 0 0 0 0
0 0 1 0 0 0 0 0 0 0 1 0 0 0 0 0 0 0 0 0
0 0 0 0 0 0 0 0 0 0 0 0 0 0 0 0 0 0 1 0
0 0 0 1 0 0 0 0 0 0 0 0 0 0 0 0 0 0 0 0
0 0 0 0 0 0 0 0 0 0 0 0 0 0 0 0 1 0 1 0
0 0 0 0 0 0 0 0 0 0 1 0 0 0 0 0 0 0 0 0
0 0 0 0 0 0 0 0 0 0 0 0 0 0 1 0 0 1 0 0
0 0 0 0 0 0 0 1 0 0 0 0 0 0 0 0 1 0 1 0
0 0 0 0 0 0 0 0 0 0 0 0 1 0 1 0 0 1 0 0
0 0 0 0 0 0 0 0 0 0 0 0 0 0 0 0 0 0 0 0

18
0: [0, 1, 2]: 14 1
1: [0, 1, 3]: 15 1
2: [0, 1]: 2 6
3: [0, 2]: 7 1
4: [0, 3]: 8 1
5: [0, 5]: 6 2
6: [0]: 9 4
7: [1, 2, 4]: 15 0
8: [1, 2]: 3 2
9: [1, 3]: 3 3
10: [1, 4]: 5 2
11: [1]: 12 1
12: [2, 4]: 3 0
13: [2]: 13 1
14: [3]: 10 3
15: [4]: 10 0
16: [5]: 11 2
17: []: 16 0
0 1 0 0 0 0 0 1 0 0 0 0 0 0 0 0 0 0
1 0 0 0 0 0 0 0 0 0 0 0 0 0 0 0 0 0
0 0 0 0 0 1 0 0 0 0 1 0 0 0 0 0 0 0
0 0 0 0 1 1 0 0 0 0 0 0 1 0 0 0 0 0
0 0 0 1 0 1 0 0 0 0 0 0 0 0 0 0 0 0
0 0 1 1 1 0 0 0 0 0 0 0 0 0 0 0 0 0
0 0 0 0 0 0 0 0 0 0 0 0 0 0 0 1 0 0
1 0 0 0 0 0 0 0 0 0 0 0 0 0 0 0 0 0
0 0 0 0 0 0 0 0 0 1 0 0 0 0 0 0 0 0
0 0 0 0 0 0 0 0 1 0 1 0 0 0 0 0 0 0
0 0 1 0 0 0 0 0 0 1 0 0 0 0 0 0 0 0
0 0 0 0 0 0 0 0 0 0 0 0 0 0 0 0 1 0
0 0 0 1 0 0 0 0 0 0 0 0 0 0 0 0 0 0
0 0 0 0 0 0 0 0 0 0 0 0 0 0 1 0 1 0
0 0 0 0 0 0 0 0 0 0 0 0 0 1 0 1 1 0
0 0 0 0 0 0 1 0 0 0 0 0 0 0 1 0 1 0
0 0 0 0 0 0 0 0 0 0 0 1 0 1 1 1 0 0
0 0 0 0 0 0 0 0 0 0 0 0 0 0 0 0 0 0

16
0: [0, 1, 2]: 13 0
1: [0, 1, 3]: 13 1
2: [0, 1]: 1 5
3: [0, 2]: 6 1
4: [0, 3]: 2 1
5: [0, 5]: 2 0
6: [0]: 8 4
7: [1, 2]: 2 2
8: [1, 3]: 4 2
9: [1, 4]: 2 3
10: [1]: 12 1
11: [2]: 10 1
12: [3]: 9 0
13: [4]: 9 2
14: [5]: 11 1
15: []: 14 0
0 1 0 0 0 0 0 0 0 0 0 0 0 0 0 0
1 0 0 0 0 0 0 0 0 0 0 0 0 0 0 0
0 0 0 0 0 1 0 0 0 1 0 0 0 0 0 0
0 0 0 0 1 1 0 0 0 0 0 0 0 0 0 0
0 0 0 1 0 1 0 0 0 0 0 0 0 0 0 0
0 0 1 1 1 0 0 0 0 0 0 0 0 0 0 0
0 0 0 0 0 0 0 0 0 0 0 0 0 1 0 0
0 0 0 0 0 0 0 0 1 1 0 0 0 0 0 0
0 0 0 0 0 0 0 1 0 1 0 0 0 0 0 0
0 0 1 0 0 0 0 1 1 0 0 0 0 0 0 0
0 0 0 0 0 0 0 0 0 0 0 0 0 0 1 0
0 0 0 0 0 0 0 0 0 0 0 0 1 1 1 0
0 0 0 0 0 0 0 0 0 0 0 1 0 1 1 0
0 0 0 0 0 0 1 0 0 0 0 1 1 0 1 0
0 0 0 0 0 0 0 0 0 0 1 1 1 1 0 0
0 0 0 0 0 0 0 0 0 0 0 0 0 0 0 0

19
0: [0, 1, 2]: 14 1
1: [0, 1, 3]: 15 1
2: [0, 1, 5]: 15 0
3: [0, 1]: 16 0
4: [0, 2]: 2 6
5: [0, 3]: 8 1
6: [0, 5]: 7 1
7: [0]: 9 4
8: [1, 2]: 4 2
9: [1, 3]: 5 1
10: [1, 5]: 6 1
11: [1]: 13 1
12: [2, 4]: 3 2
13: [2]: 11 1
14: [3, 4]: 3 0
15: [3]: 10 2
16: [4]: 12 1
17: [5]: 10 0
18: []: 17 0
0 1 1 0 0 0 0 0 0 0 0 0 0 0 0 0 0 0 0
1 0 1 0 0 0 0 0 0 0 0 0 0 0 0 0 0 0 0
1 1 0 0 0 0 0 0 0 0 0 0 0 0 0 0 0 0 0
0 0 0 0 0 0 0 0 0 0 0 0 0 0 0 0 0 0 0
0 0 0 0 0 1 1 0 0 0 0 0 1 0 0 0 0 0 0
0 0 0 0 1 0 1 0 0 0 0 0 0 0 1 0 0 0 0
0 0 0 0 1 1 0 0 0 0 0 0 0 0 0 0 0 0 0
0 0 0 0 0 0 0 0 0 0 0 0 0 0 0 0 1 0 0
0 0 0 0 0 0 0 0 0 1 1 0 1 0 0 0 0 0 0
0 0 0 0 0 0 0 0 1 0 1 0 0 0 1 0 0 0 0
0 0 0 0 0 0 0 0 1 1 0 0 0 0 0 0 0 0 0
0 0 0 0 0 0 0 0 0 0 0 0 0 0 0 0 1 0 0
0 0 0 0 1 0 0 0 1 0 0 0 0 0 1 0 0 0 0
0 0 0 0 0 0 0 0 0 0 0 0 0 0 0 1 0 1 0
0 0 0 0 0 1 0 0 0 1 0 0 1 0 0 0 0 0 0
0 0 0 0 0 0 0 0 0 0 0 0 0 1 0 0 0 1 0
0 0 0 0 0 0 0 1 0 0 0 1 0 0 0 0 0 1 0
0 0 0 0 0 0 0 0 0 0 0 0 0 1 0 1 1 0 0
0 0 0 0 0 0 0 0 0 0 0 0 0 0 0 0 0 0 0

18
0: [0, 1, 2]: 15 0
1: [0, 1, 3]: 15 1
2: [0, 1]: 2 7
3: [0, 2]: 4 1
4: [0, 3]: 9 1
5: [0, 5]: 3 0
6: [0]: 10 4
7: [1, 2]: 4 4
8: [1, 3]: 5 3
9: [1]: 14 1
10: [2, 4]: 4 2
11: [2]: 11 2
12: [3, 4]: 7 2
13: [3]: 11 0
14: [4, 5]: 3 6
15: [4]: 11 3
16: [5]: 12 1
17: []: 16 0
0 1 0 0 0 0 0 0 0 0 0 0 0 0 0 0 0 0
1 0 0 0 0 0 0 0 0 0 0 0 0 0 0 0 0 0
0 0 0 0 0 1 0 0 0 0 0 0 0 0 0 0 0 0
0 0 0 0 1 1 0 0 0 0 1 0 0 0 0 0 0 0
0 0 0 1 0 1 0 0 0 0 0 0 1 0 0 0 0 0
0 0 1 1 1 0 0 0 0 0 0 0 0 0 1 0 0 0
0 0 0 0 0 0 0 0 0 0 0 0 0 0 0 1 0 0
0 0 0 0 0 0 0 0 1 0 1 0 0 0 0 0 0 0
0 0 0 0 0 0 0 1 0 0 0 0 1 0 0 0 0 0
0 0 0 0 0 0 0 0 0 0 0 0 0 0 0 1 1 0
0 0 0 1 0 0 0 1 0 0 0 0 1 0 1 0 0 0
0 0 0 0 0 0 0 0 0 0 0 0 0 1 0 0 1 0
0 0 0 0 1 0 0 0 1 0 1 0 0 0 1 0 0 0
0 0 0 0 0 0 0 0 0 0 0 1 0 0 0 0 1 0
0 0 0 0 0 1 0 0 0 0 1 0 1 0 0 0 0 0
0 0 0 0 0 0 1 0 0 1 0 0 0 0 0 0 0 0
0 0 0 0 0 0 0 0 0 1 0 1 0 1 0 0 0 0
0 0 0 0 0 0 0 0 0 0 0 0 0 0 0 0 0 0

17
0: [0, 1, 2]: 14 0
1: [0, 1, 3]: 14 1
2: [0, 1]: 2 6
3: [0, 2]: 4 4
4: [0, 3]: 8 1
5: [0, 5]: 3 5
6: [0]: 9 4
7: [1, 2]: 5 1
8: [1, 3]: 3 0
9: [1]: 13 1
10: [2, 4]: 4 2
11: [2]: 11 2
12: [3, 4]: 7 1
13: [3]: 10 3
14: [4]: 10 0
15: [5]: 10 1
16: []: 15 0
0 1 0 0 0 0 0 0 0 0 0 0 0 0 0 0 0
1 0 0 0 0 0 0 0 0 0 0 0 0 0 0 0 0
0 0 0 0 0 1 0 0 0 0 0 0 0 0 0 0 0
0 0 0 0 1 1 0 0 0 0 1 0 0 0 0 0 0
0 0 0 1 0 1 0 0 0 0 0 0 1 0 0 0 0
0 0 1 1 1 0 0 0 0 0 0 0 0 0 0 0 0
0 0 0 0 0 0 0 0 0 0 0 0 0 0 1 0 0
0 0 0 0 0 0 0 0 1 0 1 0 0 0 0 0 0
0 0 0 0 0 0 0 1 0 0 0 0 1 0 0 0 0
0 0 0 0 0 0 0 0 0 0 0 0 0 0 1 1 0
0 0 0 1 0 0 0 1 0 0 0 0 1 0 0 0 0
0 0 0 0 0 0 0 0 0 0 0 0 0 1 0 1 0
0 0 0 0 1 0 0 0 1 0 1 0 0 0 0 0 0
0 0 0 0 0 0 0 0 0 0 0 1 0 0 0 1 0
0 0 0 0 0 0 1 0 0 1 0 0 0 0 0 1 0
0 0 0 0 0 0 0 0 0 1 0 1 0 1 1 0 0
0 0 0 0 0 0 0 0 0 0 0 0 0 0 0 0 0

17
0: [0, 1, 2]: 13 0
1: [0, 1, 3]: 13 1
2: [0, 1]: 14 0
3: [0, 2]: 1 5
4: [0, 3]: 6 1
5: [0]: 8 4
6: [1, 2]: 2 2
7: [1, 3]: 3 1
8: [1]: 12 1
9: [2, 4]: 4 1
10: [2]: 10 1
11: [3, 4]: 2 0
12: [3]: 9 1
13: [4, 5]: 5 1
14: [4]: 10 2
15: [5]: 9 0
16: []: 15 0
0 1 0 0 0 0 0 0 0 0 0 0 0 0 0 0 0
1 0 0 0 0 0 0 0 0 0 0 0 0 0 0 0 0
0 0 0 0 0 0 0 0 0 0 0 0 0 0 0 0 0
0 0 0 0 1 0 0 0 0 1 0 0 0 0 0 0 0
0 0 0 1 0 0 0 0 0 0 0 1 0 0 0 0 0
0 0 0 0 0 0 0 0 0 0 0 0 0 0 1 1 0
0 0 0 0 0 0 0 1 0 1 0 0 0 0 0 0 0
0 0 0 0 0 0 1 0 0 0 0 1 0 0 0 0 0
0 0 0 0 0 0 0 0 0 0 0 0 0 0 1 1 0
0 0 0 1 0 0 1 0 0 0 0 1 0 1 0 0 0
0 0 0 0 0 0 0 0 0 0 0 0 1 0 0 1 0
0 0 0 0 1 0 0 1 0 1 0 0 0 1 0 0 0
0 0 0 0 0 0 0 0 0 0 1 0 0 0 0 1 0
0 0 0 0 0 0 0 0 0 1 0 1 0 0 0 0 0
0 0 0 0 0 1 0 0 1 0 0 0 0 0 0 0 0
0 0 0 0 0 1 0 0 1 0 1 0 1 0 0 0 0
0 0 0 0 0 0 0 0 0 0 0 0 0 0 0 0 0

16
0: [0, 1, 2]: 12 0
1: [0, 1, 3]: 12 1
2: [0, 1]: 13 0
3: [0, 2]: 7 4
4: [0, 3]: 11 1
5: [0]: 1 4
6: [1, 2]: 10 1
7: [1, 3]: 9 1
8: [1]: 5 1
9: [2, 4]: 8 2
10: [2]: 3 2
11: [3, 4]: 8 0
12: [3]: 2 2
13: [4]: 2 0
14: [5]: 2 1
15: []: 14 0
0 1 0 0 0 0 0 0 0 0 0 0 0 0 0 0
1 0 0 0 0 0 0 0 0 0 0 0 0 0 0 0
0 0 0 0 0 0 0 0 0 0 0 0 0 0 0 0
0 0 0 0 1 0 0 0 0 1 0 0 0 0 0 0
0 0 0 1 0 0 0 0 0 0 0 1 0 0 0 0
0 0 0 0 0 0 0 0 0 0 0 0 0 1 1 0
0 0 0 0 0 0 0 1 0 1 0 0 0 0 0 0
0 0 0 0 0 0 1 0 0 0 0 1 0 0 0 0
0 0 0 0 0 0 0 0 0 0 0 0 0 1 1 0
0 0 0 1 0 0 1 0 0 0 0 1 0 0 0 0
0 0 0 0 0 0 0 0 0 0 0 0 1 0 1 0
0 0 0 0 1 0 0 1 0 1 0 0 0 0 0 0
0 0 0 0 0 0 0 0 0 0 1 0 0 0 1 0
0 0 0 0 0 1 0 0 1 0 0 0 0 0 1 0
0 0 0 0 0 1 0 0 1 0 1 0 1 1 0 0
0 0 0 0 0 0 0 0 0 0 0 0 0 0 0 0

17
0: [0, 1, 2]: 14 0
1: [0, 1, 3]: 14 1
2: [0, 1]: 2 6
3: [0, 2]: 7 1
4: [0, 3]: 8 1
5: [0, 5]: 3 0
6: [0]: 9 4
7: [1, 2]: 3 3
8: [1, 3]: 3 5
9: [1]: 13 1
10: [2, 4]: 5 3
11: [2]: 10 3
12: [3]: 10 1
13: [4, 5]: 3 1
14: [4]: 10 0
15: [5]: 11 2
16: []: 15 0
0 1 0 0 0 0 0 0 0 0 0 0 0 0 0 0 0
1 0 0 0 0 0 0 0 0 0 0 0 0 0 0 0 0
0 0 0 0 0 1 0 0 0 0 0 0 0 0 0 0 0
0 0 0 0 1 1 0 0 0 0 1 0 0 0 0 0 0
0 0 0 1 0 1 0 0 0 0 0 0 0 0 0 0 0
0 0 1 1 1 0 0 0 0 0 0 0 0 1 0 0 0
0 0 0 0 0 0 0 0 0 0 0 0 0 0 1 0 0
0 0 0 0 0 0 0 0 1 0 1 0 0 0 0 0 0
0 0 0 0 0 0 0 1 0 0 0 0 0 0 0 0 0
0 0 0 0 0 0 0 0 0 0 0 0 0 0 1 1 0
0 0 0 1 0 0 0 1 0 0 0 0 0 1 0 0 0
0 0 0 0 0 0 0 0 0 0 0 0 1 0 0 1 0
0 0 0 0 0 0 0 0 0 0 0 1 0 0 1 1 0
0 0 0 0 0 1 0 0 0 0 1 0 0 0 0 0 0
0 0 0 0 0 0 1 0 0 1 0 0 1 0 0 0 0
0 0 0 0 0 0 0 0 0 1 0 1 1 0 0 0 0
0 0 0 0 0 0 0 0 0 0 0 0 0 0 0 0 0

16
0: [0, 1, 2]: 12 0
1: [0, 1, 3]: 12 1
2: [0, 1]: 13 0
3: [0, 2]: 7 4
4: [0, 3]: 11 1
5: [0]: 1 4
6: [1, 2]: 9 1
7: [1, 3]: 8 2
8: [1]: 5 1
9: [2, 4]: 10 1
10: [2]: 2 2
11: [3]: 3 1
12: [4, 5]: 8 0
13: [4]: 3 2
14: [5]: 2 0
15: []: 14 0
0 1 0 0 0 0 0 0 0 0 0 0 0 0 0 0
1 0 0 0 0 0 0 0 0 0 0 0 0 0 0 0
0 0 0 0 0 0 0 0 0 0 0 0 0 0 0 0
0 0 0 0 1 0 0 0 0 1 0 0 0 0 0 0
0 0 0 1 0 0 0 0 0 0 0 0 0 0 0 0
0 0 0 0 0 0 0 0 0 0 0 0 0 1 1 0
0 0 0 0 0 0 0 1 0 1 0 0 0 0 0 0
0 0 0 0 0 0 1 0 0 0 0 0 0 0 0 0
0 0 0 0 0 0 0 0 0 0 0 0 0 1 1 0
0 0 0 1 0 0 1 0 0 0 0 0 1 0 0 0
0 0 0 0 0 0 0 0 0 0 0 1 0 0 1 0
0 0 0 0 0 0 0 0 0 0 1 0 0 1 1 0
0 0 0 0 0 0 0 0 0 1 0 0 0 0 0 0
0 0 0 0 0 1 0 0 1 0 0 1 0 0 0 0
0 0 0 0 0 1 0 0 1 0 1 1 0 0 0 0
0 0 0 0 0 0 0 0 0 0 0 0 0 0 0 0

15
0: [0, 1, 2]: 6 0
1: [0, 1, 3]: 6 1
2: [0, 1]: 9 0
3: [0, 2]: 7 0
4: [0, 3]: 7 1
5: [0]: 1 4
6: [1, 2]: 8 0
7: [1, 3]: 8 1
8: [1]: 5 1
9: [2]: 3 1
10: [3]: 2 2
11: [4, 5]: 10 0
12: [4]: 3 2
13: [5]: 2 0
14: []: 11 0
0 1 0 0 0 0 0 0 0 0 0 0 0 0 0
1 0 0 0 0 0 0 0 0 0 0 0 0 0 0
0 0 0 0 0 0 0 0 0 0 0 0 0 0 0
0 0 0 0 1 0 0 0 0 0 0 0 0 0 0
0 0 0 1 0 0 0 0 0 0 0 0 0 0 0
0 0 0 0 0 0 0 0 0 0 0 0 1 1 0
0 0 0 0 0 0 0 1 0 0 0 0 0 0 0
0 0 0 0 0 0 1 0 0 0 0 0 0 0 0
0 0 0 0 0 0 0 0 0 0 0 0 1 1 0
0 0 0 0 0 0 0 0 0 0 1 0 1 1 0
0 0 0 0 0 0 0 0 0 1 0 0 1 1 0
0 0 0 0 0 0 0 0 0 0 0 0 0 0 0
0 0 0 0 0 1 0 0 1 1 1 0 0 0 0
0 0 0 0 0 1 0 0 1 1 1 0 0 0 0
0 0 0 0 0 0 0 0 0 0 0 0 0 0 0

14
0: [0, 1, 2]: 6 0
1: [0, 1, 3]: 6 1
2: [0, 1]: 9 0
3: [0, 2]: 7 0
4: [0, 3]: 7 1
5: [0]: 1 4
6: [1, 2]: 8 0
7: [1, 3]: 8 1
8: [1]: 3 1
9: [2]: 4 1
10: [3]: 5 1
11: [4]: 2 0
12: [5]: 2 3
13: []: 10 0
0 1 0 0 0 0 0 0 0 0 0 0 0 0
1 0 0 0 0 0 0 0 0 0 0 0 0 0
0 0 0 0 0 0 0 0 0 0 0 0 0 0
0 0 0 0 1 0 0 0 0 0 0 0 0 0
0 0 0 1 0 0 0 0 0 0 0 0 0 0
0 0 0 0 0 0 0 0 0 0 0 1 1 0
0 0 0 0 0 0 0 1 0 0 0 0 0 0
0 0 0 0 0 0 1 0 0 0 0 0 0 0
0 0 0 0 0 0 0 0 0 0 0 1 1 0
0 0 0 0 0 0 0 0 0 0 1 1 1 0
0 0 0 0 0 0 0 0 0 1 0 1 1 0
0 0 0 0 0 1 0 0 1 1 1 0 1 0
0 0 0 0 0 1 0 0 1 1 1 1 0 0
0 0 0 0 0 0 0 0 0 0 0 0 0 0

22
0: [0, 1, 2]: 17 3
1: [0, 1, 4]: 20 1
2: [0, 1]: 2 8
3: [0, 2, 3]: 18 1
4: [0, 2]: 4 3
5: [0, 3, 4]: 18 0
6: [0, 3]: 10 1
7: [0, 4]: 3 4
8: [0]: 12 4
9: [1, 2, 5]: 18 2
10: [1, 2]: 3 0
11: [1, 4]: 8 1
12: [1, 5]: 9 1
13: [1]: 16 1
14: [2, 3]: 6 2
15: [2, 5]: 4 2
16: [2]: 14 2
17: [3, 4]: 7 1
18: [3]: 13 0
19: [4]: 13 2
20: [5]: 13 1
21: []: 21 0
0 1 0 1 0 0 0 0 0 1 0 0 0 0 0 0 0 0 0 0 0 0
1 0 0 0 0 1 0 0 0 0 0 0 0 0 0 0 0 0 0 0 0 0
0 0 0 0 0 0 1 0 0 0 0 0 1 0 0 0 0 0 0 0 0 0
1 0 0 0 0 1 0 0 0 0 0 0 0 0 0 0 0 0 0 0 0 0
0 0 0 0 0 0 0 1 0 0 0 0 0 0 0 1 0 0 0 0 0 0
0 1 0 1 0 0 0 0 0 0 0 0 0 0 0 0 0 0 0 0 0 0
0 0 1 0 0 0 0 0 0 0 0 0 0 0 0 0 0 0 0 0 0 0
0 0 0 0 1 0 0 0 0 0 0 0 0 0 0 0 0 0 0 0 0 0
0 0 0 0 0 0 0 0 0 0 0 0 0 0 0 0 0 0 0 0 1 0
1 0 0 0 0 0 0 0 0 0 0 0 0 0 0 0 0 0 0 0 0 0
0 0 0 0 0 0 0 0 0 0 0 1 0 0 1 0 0 0 0 0 0 0
0 0 0 0 0 0 0 0 0 0 1 0 1 0 0 0 0 1 0 0 0 0
0 0 1 0 0 0 0 0 0 0 0 1 0 0 0 0 0 0 0 0 0 0
0 0 0 0 0 0 0 0 0 0 0 0 0 0 0 0 0 0 1 0 0 0
0 0 0 0 0 0 0 0 0 0 1 0 0 0 0 1 0 1 0 0 0 0
0 0 0 0 1 0 0 0 0 0 0 0 0 0 1 0 0 0 0 0 0 0
0 0 0 0 0 0 0 0 0 0 0 0 0 0 0 0 0 0 0 1 0 0
0 0 0 0 0 0 0 0 0 0 0 1 0 0 1 0 0 0 0 0 0 0
0 0 0 0 0 0 0 0 0 0 0 0 0 1 0 0 0 0 0 0 1 0
0 0 0 0 0 0 0 0 0 0 0 0 0 0 0 0 1 0 0 0 1 0
0 0 0 0 0 0 0 0 1 0 0 0 0 0 0 0 0 0 1 1 0 0
0 0 0 0 0 0 0 0 0 0 0 0 0 0 0 0 0 0 0 0 0 0

19
0: [0, 1, 2]: 15 1
1: [0, 1, 4]: 16 1
2: [0, 1]: 2 7
3: [0, 2, 3]: 16 0
4: [0, 2]: 9 1
5: [0, 3]: 3 0
6: [0, 4]: 8 1
7: [0]: 10 4
8: [1, 2]: 3 6
9: [1, 4]: 4 4
10: [1]: 12 1
11: [2, 3]: 4 3
12: [2]: 14 1
13: [3, 5]: 3 2
14: [3]: 11 0
15: [4, 5]: 7 2
16: [4]: 13 1
17: [5]: 11 3
18: []: 17 0
0 1 0 1 0 0 0 0 0 0 0 0 0 0 0 0 0 0 0
1 0 0 0 0 0 0 0 0 0 0 0 0 0 0 0 0 0 0
0 0 0 0 0 1 0 0 0 0 0 0 0 0 0 0 0 0 0
1 0 0 0 0 0 0 0 0 0 0 0 0 0 0 0 0 0 0
0 0 0 0 0 0 1 0 0 0 0 0 0 0 0 0 0 0 0
0 0 1 0 0 0 1 0 0 0 0 0 0 1 0 0 0 0 0
0 0 0 0 1 1 0 0 0 0 0 0 0 0 0 1 0 0 0
0 0 0 0 0 0 0 0 0 0 0 0 0 0 0 0 0 1 0
0 0 0 0 0 0 0 0 0 1 0 1 0 0 0 0 0 0 0
0 0 0 0 0 0 0 0 1 0 0 0 0 0 0 1 0 0 0
0 0 0 0 0 0 0 0 0 0 0 0 0 0 1 0 0 1 0
0 0 0 0 0 0 0 0 1 0 0 0 0 1 0 0 0 0 0
0 0 0 0 0 0 0 0 0 0 0 0 0 0 0 0 1 1 0
0 0 0 0 0 1 0 0 0 0 0 1 0 0 0 1 0 0 0
0 0 0 0 0 0 0 0 0 0 1 0 0 0 0 0 1 0 0
0 0 0 0 0 0 1 0 0 1 0 0 0 1 0 0 0 0 0
0 0 0 0 0 0 0 0 0 0 0 0 1 0 1 0 0 0 0
0 0 0 0 0 0 0 1 0 0 1 0 1 0 0 0 0 0 0
0 0 0 0 0 0 0 0 0 0 0 0 0 0 0 0 0 0 0

17
0: [0, 1, 2]: 9 1
1: [0, 1, 4]: 10 1
2: [0, 1]: 6 2
3: [0, 2, 3]: 10 0
4: [0, 2]: 8 1
5: [0, 3]: 7 0
6: [0, 4]: 7 1
7: [0]: 1 4
8: [1, 2]: 11 1
9: [1, 4]: 12 1
10: [1]: 3 1
11: [2, 3]: 12 0
12: [2]: 5 1
13: [3]: 2 3
14: [4]: 4 1
15: [5]: 2 0
16: []: 13 0
0 1 0 1 0 0 0 0 0 0 0 0 0 0 0 0 0
1 0 0 0 0 0 0 0 0 0 0 0 0 0 0 0 0
0 0 0 0 0 1 0 0 0 0 0 0 0 0 0 0 0
1 0 0 0 0 0 0 0 0 0 0 0 0 0 0 0 0
0 0 0 0 0 0 1 0 0 0 0 0 0 0 0 0 0
0 0 1 0 0 0 1 0 0 0 0 0 0 0 0 0 0
0 0 0 0 1 1 0 0 0 0 0 0 0 0 0 0 0
0 0 0 0 0 0 0 0 0 0 0 0 0 0 0 1 0
0 0 0 0 0 0 0 0 0 1 0 1 0 0 0 0 0
0 0 0 0 0 0 0 0 1 0 0 0 0 0 0 0 0
0 0 0 0 0 0 0 0 0 0 0 0 0 1 0 1 0
0 0 0 0 0 0 0 0 1 0 0 0 0 0 0 0 0
0 0 0 0 0 0 0 0 0 0 0 0 0 0 1 1 0
0 0 0 0 0 0 0 0 0 0 1 0 0 0 1 1 0
0 0 0 0 0 0 0 0 0 0 0 0 1 1 0 1 0
0 0 0 0 0 0 0 1 0 0 1 0 1 1 1 0 0
0 0 0 0 0 0 0 0 0 0 0 0 0 0 0 0 0

19
0: [0, 1, 2]: 15 1
1: [0, 1, 5]: 16 1
2: [0, 1]: 2 7
3: [0, 2, 3]: 16 0
4: [0, 2]: 9 1
5: [0, 3]: 7 1
6: [0, 5]: 7 2
7: [0]: 10 4
8: [1, 2]: 5 1
9: [1, 4]: 3 3
10: [1, 5]: 3 1
11: [1]: 14 1
12: [2, 3]: 3 0
13: [2]: 12 1
14: [3, 4]: 6 1
15: [3]: 13 1
16: [4]: 11 1
17: [5]: 11 0
18: []: 17 0
0 1 0 1 0 0 0 0 0 0 0 0 0 0 0 0 0 0 0
1 0 0 0 0 0 0 0 0 0 0 0 0 0 0 0 0 0 0
0 0 0 0 0 1 0 0 0 1 0 0 0 0 0 0 0 0 0
1 0 0 0 0 0 0 0 0 0 0 0 0 0 0 0 0 0 0
0 0 0 0 0 0 1 0 0 0 0 0 0 0 0 0 0 0 0
0 0 1 0 0 0 1 0 0 0 0 0 0 0 1 0 0 0 0
0 0 0 0 1 1 0 0 0 0 0 0 0 0 0 0 0 0 0
0 0 0 0 0 0 0 0 0 0 0 0 0 0 0 0 1 0 0
0 0 0 0 0 0 0 0 0 1 1 0 1 0 0 0 0 0 0
0 0 1 0 0 0 0 0 1 0 1 0 0 0 1 0 0 0 0
0 0 0 0 0 0 0 0 1 1 0 0 0 0 0 0 0 0 0
0 0 0 0 0 0 0 0 0 0 0 0 0 0 0 1 0 0 0
0 0 0 0 0 0 0 0 1 0 0 0 0 0 1 0 0 0 0
0 0 0 0 0 0 0 0 0 0 0 0 0 0 0 0 1 1 0
0 0 0 0 0 1 0 0 0 1 0 0 1 0 0 0 0 0 0
0 0 0 0 0 0 0 0 0 0 0 1 0 0 0 0 0 1 0
0 0 0 0 0 0 0 1 0 0 0 0 0 1 0 0 0 1 0
0 0 0 0 0 0 0 0 0 0 0 0 0 1 0 1 1 0 0
0 0 0 0 0 0 0 0 0 0 0 0 0 0 0 0 0 0 0

16
0: [0, 1, 2]: 13 0
1: [0, 1]: 1 5
2: [0, 2, 3]: 13 1
3: [0, 2]: 6 1
4: [0, 3]: 3 2
5: [0, 5]: 3 3
6: [0]: 8 4
7: [1, 2]: 2 1
8: [1, 4]: 3 1
9: [1]: 12 1
10: [2, 3]: 2 0
11: [2]: 10 1
12: [3]: 11 1
13: [4]: 9 0
14: [5]: 9 3
15: []: 14 0
0 0 1 0 0 0 0 0 0 0 0 0 0 0 0 0
0 0 0 0 1 1 0 0 1 0 0 0 0 0 0 0
1 0 0 0 0 0 0 0 0 0 0 0 0 0 0 0
0 0 0 0 0 1 0 0 0 0 0 0 0 0 0 0
0 1 0 0 0 1 0 0 0 0 0 0 0 0 0 0
0 1 0 1 1 0 0 0 0 0 0 0 0 0 0 0
0 0 0 0 0 0 0 0 0 0 0 0 0 1 0 0
0 0 0 0 0 0 0 0 1 0 1 0 0 0 0 0
0 1 0 0 0 0 0 1 0 0 0 0 0 0 0 0
0 0 0 0 0 0 0 0 0 0 0 0 1 0 1 0
0 0 0 0 0 0 0 1 0 0 0 0 0 0 0 0
0 0 0 0 0 0 0 0 0 0 0 0 0 1 1 0
0 0 0 0 0 0 0 0 0 1 0 0 0 1 1 0
0 0 0 0 0 0 1 0 0 0 0 1 1 0 1 0
0 0 0 0 0 0 0 0 0 1 0 1 1 1 0 0
0 0 0 0 0 0 0 0 0 0 0 0 0 0 0 0

14
0: [0, 1, 2]: 12 0
1: [0, 1]: 7 4
2: [0, 2]: 11 1
3: [0, 3]: 8 2
4: [0, 4]: 8 3
5: [0]: 1 4
6: [1, 2]: 8 0
7: [1, 5]: 8 1
8: [1]: 3 1
9: [2]: 5 1
10: [3]: 4 1
11: [4]: 2 3
12: [5]: 2 0
13: []: 14 0
0 0 0 0 0 0 0 0 0 0 0 0 0 0
0 0 0 1 1 0 0 1 0 0 0 0 0 0
0 0 0 1 1 0 0 0 0 0 0 0 0 0
0 1 1 0 1 0 0 0 0 0 0 0 0 0
0 1 1 1 0 0 0 0 0 0 0 0 0 0
0 0 0 0 0 0 0 0 0 0 0 0 1 0
0 0 0 0 0 0 0 1 0 0 0 0 0 0
0 1 0 0 0 0 1 0 0 0 0 0 0 0
0 0 0 0 0 0 0 0 0 0 1 1 0 0
0 0 0 0 0 0 0 0 0 0 1 1 1 0
0 0 0 0 0 0 0 0 1 1 0 1 1 0
0 0 0 0 0 0 0 0 1 1 1 0 1 0
0 0 0 0 0 1 0 0 0 1 1 1 0 0
0 0 0 0 0 0 0 0 0 0 0 0 0 0

13
0: [0, 1, 2]: 9 0
1: [0, 1]: 6 2
2: [0, 2]: 8 1
3: [0, 3]: 7 0
4: [0, 4]: 7 1
5: [0]: 1 4
6: [1, 2]: 10 0
7: [1]: 3 1
8: [2]: 5 1
9: [3]: 2 3
10: [4]: 4 1
11: [5]: 2 0
12: []: 11 0
0 0 0 0 0 0 0 0 0 0 0 0 0
0 0 0 1 1 0 0 0 0 0 0 0 0
0 0 0 1 1 0 0 0 0 0 0 0 0
0 1 1 0 1 0 0 0 0 0 0 0 0
0 1 1 1 0 0 0 0 0 0 0 0 0
0 0 0 0 0 0 0 0 0 0 0 1 0
0 0 0 0 0 0 0 0 0 0 0 0 0
0 0 0 0 0 0 0 0 0 1 1 1 0
0 0 0 0 0 0 0 0 0 1 1 1 0
0 0 0 0 0 0 0 1 1 0 1 1 0
0 0 0 0 0 0 0 1 1 1 0 1 0
0 0 0 0 0 1 0 1 1 1 1 0 0
0 0 0 0 0 0 0 0 0 0 0 0 0

14
0: [0, 1, 2]: 11 0
1: [0, 1]: 6 3
2: [0, 2]: 9 1
3: [0, 3]: 7 1
4: [0, 5]: 7 2
5: [0]: 1 4
6: [1, 2]: 12 0
7: [1]: 5 1
8: [2]: 3 1
9: [3, 4]: 7 0
10: [3]: 3 2
11: [4]: 2 0
12: [5]: 2 3
13: []: 13 0
0 0 0 0 0 0 0 0 0 0 0 0 0 0
0 0 0 1 1 0 0 0 0 0 0 0 0 0
0 0 0 1 1 0 0 0 0 0 0 0 0 0
0 1 1 0 1 0 0 0 0 1 0 0 0 0
0 1 1 1 0 0 0 0 0 0 0 0 0 0
0 0 0 0 0 0 0 0 0 0 0 1 0 0
0 0 0 0 0 0 0 0 0 0 0 0 0 0
0 0 0 0 0 0 0 0 0 0 1 1 1 0
0 0 0 0 0 0 0 0 0 0 1 1 1 0
0 0 0 1 0 0 0 0 0 0 0 0 0 0
0 0 0 0 0 0 0 1 1 0 0 0 1 0
0 0 0 0 0 1 0 1 1 0 0 0 1 0
0 0 0 0 0 0 0 1 1 0 1 1 0 0
0 0 0 0 0 0 0 0 0 0 0 0 0 0

14
0: [0, 1, 2]: 12 0
1: [0, 1]: 7 4
2: [0, 2]: 11 1
3: [0, 3]: 8 0
4: [0]: 1 4
5: [1, 2]: 9 2
6: [1, 5]: 8 2
7: [1]: 3 1
8: [2]: 5 1
9: [3, 4]: 8 1
10: [3]: 3 2
11: [4]: 2 0
12: [5]: 2 3
13: []: 14 0
0 0 0 0 0 0 0 0 0 0 0 0 0 0
0 0 0 1 0 0 1 0 0 0 0 0 0 0
0 0 0 1 0 0 0 0 0 0 0 0 0 0
0 1 1 0 0 0 0 0 0 1 0 0 0 0
0 0 0 0 0 0 0 0 0 0 0 1 1 0
0 0 0 0 0 0 1 0 0 0 0 0 0 0
0 1 0 0 0 1 0 0 0 0 0 0 0 0
0 0 0 0 0 0 0 0 0 0 1 1 0 0
0 0 0 0 0 0 0 0 0 0 1 1 1 0
0 0 0 1 0 0 0 0 0 0 0 0 0 0
0 0 0 0 0 0 0 1 1 0 0 0 1 0
0 0 0 0 1 0 0 1 1 0 0 0 1 0
0 0 0 0 1 0 0 0 1 0 1 1 0 0
0 0 0 0 0 0 0 0 0 0 0 0 0 0

14
0: [0, 1, 2]: 11 0
1: [0, 1]: 6 3
2: [0, 2]: 9 1
3: [0, 3]: 7 0
4: [0]: 1 4
5: [1, 2]: 12 0
6: [1]: 5 1
7: [2]: 2 1
8: [3, 4]: 7 1
9: [3]: 3 2
10: [4, 5]: 8 1
11: [4]: 2 0
12: [5]: 2 3
13: []: 13 0
0 0 0 0 0 0 0 0 0 0 0 0 0 0
0 0 0 1 0 0 0 0 0 0 0 0 0 0
0 0 0 1 0 0 0 0 0 0 0 0 0 0
0 1 1 0 0 0 0 0 1 0 0 0 0 0
0 0 0 0 0 0 0 0 0 0 0 1 1 0
0 0 0 0 0 0 0 0 0 0 0 0 0 0
0 0 0 0 0 0 0 0 0 1 0 1 1 0
0 0 0 0 0 0 0 0 0 1 0 1 1 0
0 0 0 1 0 0 0 0 0 0 1 0 0 0
0 0 0 0 0 0 1 1 0 0 0 0 1 0
0 0 0 0 0 0 0 0 1 0 0 0 0 0
0 0 0 0 1 0 1 1 0 0 0 0 0 0
0 0 0 0 1 0 1 1 0 1 0 0 0 0
0 0 0 0 0 0 0 0 0 0 0 0 0 0

13
0: [0, 1, 2]: 9 0
1: [0, 1]: 6 2
2: [0, 2]: 8 1
3: [0, 3]: 7 0
4: [0]: 1 4
5: [1, 2]: 10 0
6: [1]: 5 1
7: [2]: 3 1
8: [3, 4]: 7 1
9: [3]: 3 2
10: [4]: 2 0
11: [5]: 2 3
12: []: 11 0
0 0 0 0 0 0 0 0 0 0 0 0 0
0 0 0 1 0 0 0 0 0 0 0 0 0
0 0 0 1 0 0 0 0 0 0 0 0 0
0 1 1 0 0 0 0 0 1 0 0 0 0
0 0 0 0 0 0 0 0 0 0 1 1 0
0 0 0 0 0 0 0 0 0 0 0 0 0
0 0 0 0 0 0 0 0 0 1 1 1 0
0 0 0 0 0 0 0 0 0 1 1 1 0
0 0 0 1 0 0 0 0 0 0 0 0 0
0 0 0 0 0 0 1 1 0 0 0 1 0
0 0 0 0 1 0 1 1 0 0 0 1 0
0 0 0 0 1 0 1 1 0 1 1 0 0
0 0 0 0 0 0 0 0 0 0 0 0 0

12
0: [0, 1, 2]: 8 0
1: [0, 1]: 6 1
2: [0, 2]: 7 1
3: [0, 3]: 7 0
4: [0]: 1 4
5: [1, 2]: 9 0
6: [1]: 3 1
7: [2]: 5 1
8: [3]: 4 1
9: [4]: 2 0
10: [5]: 2 3
11: []: 10 0
0 0 0 0 0 0 0 0 0 0 0 0
0 0 0 1 0 0 0 0 0 0 0 0
0 0 0 1 0 0 0 0 0 0 0 0
0 1 1 0 0 0 0 0 0 0 0 0
0 0 0 0 0 0 0 0 0 1 1 0
0 0 0 0 0 0 0 0 0 0 0 0
0 0 0 0 0 0 0 0 1 1 1 0
0 0 0 0 0 0 0 0 1 1 1 0
0 0 0 0 0 0 1 1 0 1 1 0
0 0 0 0 1 0 1 1 1 0 1 0
0 0 0 0 1 0 1 1 1 1 0 0
0 0 0 0 0 0 0 0 0 0 0 0

20
0: [0, 1, 2]: 15 2
1: [0, 1, 5]: 17 1
2: [0, 1]: 2 7
3: [0, 2, 4]: 16 0
4: [0, 2]: 8 1
5: [0, 4]: 9 1
6: [0, 5]: 3 0
7: [0]: 10 4
8: [1, 2, 3]: 16 1
9: [1, 2]: 4 3
10: [1, 3]: 3 4
11: [1, 5]: 4 4
12: [1]: 14 1
13: [2, 3]: 3 1
14: [2, 4]: 6 3
15: [2]: 11 3
16: [3]: 11 0
17: [4]: 13 1
18: [5]: 11 1
19: []: 18 0
0 1 0 1 0 0 0 0 1 0 0 0 0 0 0 0 0 0 0 0
1 0 0 0 0 0 0 0 0 0 0 0 0 0 0 0 0 0 0 0
0 0 0 0 0 1 0 0 0 0 1 0 0 0 0 0 0 0 0 0
1 0 0 0 0 0 0 0 0 0 0 0 0 0 0 0 0 0 0 0
0 0 0 0 0 0 1 0 0 0 0 0 0 1 0 0 0 0 0 0
0 0 1 0 0 0 1 0 0 0 0 0 0 0 0 0 0 0 0 0
0 0 0 0 1 1 0 0 0 0 0 0 0 0 0 0 0 0 0 0
0 0 0 0 0 0 0 0 0 0 0 0 0 0 0 0 1 0 0 0
1 0 0 0 0 0 0 0 0 0 0 0 0 0 0 0 0 0 0 0
0 0 0 0 0 0 0 0 0 0 0 1 0 0 1 0 0 0 0 0
0 0 1 0 0 0 0 0 0 0 0 1 0 0 0 0 0 0 0 0
0 0 0 0 0 0 0 0 0 1 1 0 0 0 0 0 0 0 0 0
0 0 0 0 0 0 0 0 0 0 0 0 0 0 0 0 0 1 0 0
0 0 0 0 1 0 0 0 0 0 0 0 0 0 1 0 0 0 0 0
0 0 0 0 0 0 0 0 0 1 0 0 0 1 0 0 0 0 0 0
0 0 0 0 0 0 0 0 0 0 0 0 0 0 0 0 0 0 1 0
0 0 0 0 0 0 0 1 0 0 0 0 0 0 0 0 0 1 1 0
0 0 0 0 0 0 0 0 0 0 0 0 1 0 0 0 1 0 1 0
0 0 0 0 0 0 0 0 0 0 0 0 0 0 0 1 1 1 0 0
0 0 0 0 0 0 0 0 0 0 0 0 0 0 0 0 0 0 0 0

17
0: [0, 1, 2]: 13 0
1: [0, 1]: 1 5
2: [0, 2]: 6 1
3: [0, 4]: 3 2
4: [0, 5]: 3 3
5: [0]: 8 4
6: [1, 2, 3]: 13 1
7: [1, 2]: 14 0
8: [1, 3]: 2 2
9: [1]: 10 1
10: [2, 3]: 4 1
11: [2]: 11 1
12: [3, 4]: 2 0
13: [3]: 12 1
14: [4]: 9 3
15: [5]: 9 0
16: []: 15 0
0 0 0 0 0 0 1 0 0 0 0 0 0 0 0 0 0
0 0 0 1 1 0 0 0 1 0 0 0 0 0 0 0 0
0 0 0 1 1 0 0 0 0 0 1 0 0 0 0 0 0
0 1 1 0 1 0 0 0 0 0 0 0 1 0 0 0 0
0 1 1 1 0 0 0 0 0 0 0 0 0 0 0 0 0
0 0 0 0 0 0 0 0 0 0 0 0 0 1 0 0 0
1 0 0 0 0 0 0 0 0 0 0 0 0 0 0 0 0
0 0 0 0 0 0 0 0 0 0 0 0 0 0 0 0 0
0 1 0 0 0 0 0 0 0 0 0 0 1 0 0 0 0
0 0 0 0 0 0 0 0 0 0 0 0 0 0 1 1 0
0 0 1 0 0 0 0 0 0 0 0 0 1 0 0 0 0
0 0 0 0 0 0 0 0 0 0 0 0 0 0 1 1 0
0 0 0 1 0 0 0 0 1 0 1 0 0 0 0 0 0
0 0 0 0 0 1 0 0 0 0 0 0 0 0 0 1 0
0 0 0 0 0 0 0 0 0 1 0 1 0 0 0 1 0
0 0 0 0 0 0 0 0 0 1 0 1 0 1 1 0 0
0 0 0 0 0 0 0 0 0 0 0 0 0 0 0 0 0

18
0: [0, 1, 2]: 12 0
1: [0, 1]: 7 4
2: [0, 2]: 11 1
3: [0, 4, 5]: 13 0
4: [0, 4]: 9 2
5: [0, 5]: 8 0
6: [0]: 1 4
7: [1, 2, 3]: 12 1
8: [1, 2]: 14 0
9: [1, 3]: 8 2
10: [1]: 4 1
11: [2, 3]: 8 1
12: [2]: 3 1
13: [3]: 5 1
14: [4, 5]: 15 0
15: [4]: 2 0
16: [5]: 2 3
17: []: 16 0
0 0 0 0 0 0 0 1 0 0 0 0 0 0 0 0 0 0
0 0 0 0 1 1 0 0 0 1 0 0 0 0 0 0 0 0
0 0 0 0 1 1 0 0 0 0 0 1 0 0 0 0 0 0
0 0 0 0 0 0 0 0 0 0 0 0 0 0 0 0 0 0
0 1 1 0 0 0 0 0 0 0 0 0 0 0 0 0 0 0
0 1 1 0 0 0 0 0 0 0 0 0 0 0 0 0 0 0
0 0 0 0 0 0 0 0 0 0 0 0 0 1 0 0 0 0
1 0 0 0 0 0 0 0 0 0 0 0 0 0 0 0 0 0
0 0 0 0 0 0 0 0 0 0 0 0 0 0 0 0 0 0
0 1 0 0 0 0 0 0 0 0 0 0 0 0 0 0 0 0
0 0 0 0 0 0 0 0 0 0 0 0 0 0 0 1 1 0
0 0 1 0 0 0 0 0 0 0 0 0 0 0 0 0 0 0
0 0 0 0 0 0 0 0 0 0 0 0 0 0 0 1 1 0
0 0 0 0 0 0 1 0 0 0 0 0 0 0 0 1 1 0
0 0 0 0 0 0 0 0 0 0 0 0 0 0 0 0 0 0
0 0 0 0 0 0 0 0 0 0 1 0 1 1 0 0 0 0
0 0 0 0 0 0 0 0 0 0 1 0 1 1 0 0 0 0
0 0 0 0 0 0 0 0 0 0 0 0 0 0 0 0 0 0

16
0: [0, 1, 2]: 12 0
1: [0, 1]: 7 4
2: [0, 2]: 11 1
3: [0, 4]: 9 1
4: [0, 5]: 9 2
5: [0]: 1 4
6: [1, 2, 3]: 12 1
7: [1, 2]: 13 0
8: [1, 3]: 8 1
9: [1]: 3 2
10: [2, 3]: 8 0
11: [2]: 5 1
12: [3]: 2 0
13: [4]: 3 1
14: [5]: 2 3
15: []: 14 0
0 0 0 0 0 0 1 0 0 0 0 0 0 0 0 0
0 0 0 1 1 0 0 0 1 0 0 0 0 0 0 0
0 0 0 1 1 0 0 0 0 0 1 0 0 0 0 0
0 1 1 0 1 0 0 0 0 0 0 0 0 0 0 0
0 1 1 1 0 0 0 0 0 0 0 0 0 0 0 0
0 0 0 0 0 0 0 0 0 0 0 0 1 0 0 0
1 0 0 0 0 0 0 0 0 0 0 0 0 0 0 0
0 0 0 0 0 0 0 0 0 0 0 0 0 0 0 0
0 1 0 0 0 0 0 0 0 0 0 0 0 0 0 0
0 0 0 0 0 0 0 0 0 0 0 0 0 1 1 0
0 0 1 0 0 0 0 0 0 0 0 0 0 0 0 0
0 0 0 0 0 0 0 0 0 0 0 0 0 1 1 0
0 0 0 0 0 1 0 0 0 0 0 0 0 1 1 0
0 0 0 0 0 0 0 0 0 1 0 1 1 0 1 0
0 0 0 0 0 0 0 0 0 1 0 1 1 1 0 0
0 0 0 0 0 0 0 0 0 0 0 0 0 0 0 0

15
0: [0, 1, 2]: 10 0
1: [0, 1]: 6 3
2: [0, 2]: 9 1
3: [0, 4]: 8 1
4: [0]: 1 4
5: [1, 2, 3]: 10 1
6: [1, 2]: 11 0
7: [1, 3]: 7 1
8: [1]: 3 1
9: [2, 3]: 7 0
10: [2]: 5 1
11: [3]: 2 2
12: [4]: 4 1
13: [5]: 2 0
14: []: 12 0
0 0 0 0 0 1 0 0 0 0 0 0 0 0 0
0 0 0 1 0 0 0 1 0 0 0 0 0 0 0
0 0 0 1 0 0 0 0 0 1 0 0 0 0 0
0 1 1 0 0 0 0 0 0 0 0 0 0 0 0
0 0 0 0 0 0 0 0 0 0 0 1 0 1 0
1 0 0 0 0 0 0 0 0 0 0 0 0 0 0
0 0 0 0 0 0 0 0 0 0 0 0 0 0 0
0 1 0 0 0 0 0 0 0 0 0 0 0 0 0
0 0 0 0 0 0 0 0 0 0 0 0 1 1 0
0 0 1 0 0 0 0 0 0 0 0 0 0 0 0
0 0 0 0 0 0 0 0 0 0 0 0 1 1 0
0 0 0 0 1 0 0 0 0 0 0 0 1 1 0
0 0 0 0 0 0 0 0 1 0 1 1 0 1 0
0 0 0 0 1 0 0 0 1 0 1 1 1 0 0
0 0 0 0 0 0 0 0 0 0 0 0 0 0 0

15
0: [0, 1, 2]: 14 0
1: [0, 1]: 1 5
2: [0, 2]: 6 1
3: [0, 4]: 2 0
4: [0]: 8 4
5: [1, 2]: 3 3
6: [1, 3]: 3 1
7: [1]: 12 1
8: [2, 5]: 4 2
9: [2]: 9 0
10: [3, 4]: 2 1
11: [3]: 9 2
12: [4]: 11 1
13: [5]: 10 2
14: []: 15 0
0 0 0 0 0 0 0 0 0 0 0 0 0 0 0
0 0 0 1 0 0 1 0 0 0 0 0 0 0 0
0 0 0 1 0 0 0 0 1 0 0 0 0 0 0
0 1 1 0 0 0 0 0 0 0 1 0 0 0 0
0 0 0 0 0 0 0 0 0 0 0 1 0 1 0
0 0 0 0 0 0 1 0 1 0 0 0 0 0 0
0 1 0 0 0 1 0 0 0 0 1 0 0 0 0
0 0 0 0 0 0 0 0 0 0 0 0 1 1 0
0 0 1 0 0 1 0 0 0 0 0 0 0 0 0
0 0 0 0 0 0 0 0 0 0 0 1 1 0 0
0 0 0 1 0 0 1 0 0 0 0 0 0 0 0
0 0 0 0 1 0 0 0 0 1 0 0 0 1 0
0 0 0 0 0 0 0 1 0 1 0 0 0 1 0
0 0 0 0 1 0 0 1 0 0 0 1 1 0 0
0 0 0 0 0 0 0 0 0 0 0 0 0 0 0

13
0: [0, 1, 2]: 11 0
1: [0, 1]: 6 3
2: [0, 2]: 9 1
3: [0, 4]: 7 2
4: [0]: 1 4
5: [1, 2]: 7 0
6: [1, 3]: 7 1
7: [1]: 4 1
8: [2]: 5 1
9: [3]: 2 3
10: [4]: 3 2
11: [5]: 2 0
12: []: 12 0
0 0 0 0 0 0 0 0 0 0 0 0 0
0 0 0 1 0 0 1 0 0 0 0 0 0
0 0 0 1 0 0 0 0 0 0 0 0 0
0 1 1 0 0 0 0 0 0 0 0 0 0
0 0 0 0 0 0 0 0 0 1 0 1 0
0 0 0 0 0 0 1 0 0 0 0 0 0
0 1 0 0 0 1 0 0 0 0 0 0 0
0 0 0 0 0 0 0 0 0 0 1 1 0
0 0 0 0 0 0 0 0 0 1 1 1 0
0 0 0 0 1 0 0 0 1 0 1 1 0
0 0 0 0 0 0 0 1 1 1 0 1 0
0 0 0 0 1 0 0 1 1 1 1 0 0
0 0 0 0 0 0 0 0 0 0 0 0 0

14
0: [0, 1, 2]: 12 0
1: [0, 1]: 7 4
2: [0, 2]: 11 1
3: [0, 5]: 9 2
4: [0]: 1 4
5: [1, 2]: 8 0
6: [1, 4]: 8 1
7: [1]: 3 1
8: [2, 3]: 9 1
9: [2]: 5 1
10: [3]: 2 2
11: [4]: 2 0
12: [5]: 4 1
13: []: 14 0
0 0 0 0 0 0 0 0 0 0 0 0 0 0
0 0 0 1 0 0 1 0 0 0 0 0 0 0
0 0 0 1 0 0 0 0 1 0 0 0 0 0
0 1 1 0 0 0 0 0 0 0 0 0 0 0
0 0 0 0 0 0 0 0 0 0 1 1 0 0
0 0 0 0 0 0 1 0 1 0 0 0 0 0
0 1 0 0 0 1 0 0 0 0 0 0 0 0
0 0 0 0 0 0 0 0 0 0 1 0 1 0
0 0 1 0 0 1 0 0 0 0 0 0 0 0
0 0 0 0 0 0 0 0 0 0 0 1 1 0
0 0 0 0 1 0 0 1 0 0 0 1 1 0
0 0 0 0 1 0 0 0 0 1 1 0 1 0
0 0 0 0 0 0 0 1 0 1 1 1 0 0
0 0 0 0 0 0 0 0 0 0 0 0 0 0

13
0: [0, 1, 2]: 8 0
1: [0, 1]: 6 1
2: [0, 2]: 7 1
3: [0, 5]: 7 0
4: [0]: 1 4
5: [1, 2]: 9 0
6: [1]: 5 1
7: [2]: 2 2
8: [3, 4]: 10 0
9: [3]: 2 0
10: [4]: 3 2
11: [5]: 3 1
12: []: 11 0
0 0 0 0 0 0 0 0 0 0 0 0 0
0 0 0 1 0 0 0 0 0 0 0 0 0
0 0 0 1 0 0 0 0 0 0 0 0 0
0 1 1 0 0 0 0 0 0 0 0 0 0
0 0 0 0 0 0 0 0 0 1 1 0 0
0 0 0 0 0 0 0 0 0 0 0 0 0
0 0 0 0 0 0 0 0 0 1 1 1 0
0 0 0 0 0 0 0 0 0 1 1 1 0
0 0 0 0 0 0 0 0 0 0 0 0 0
0 0 0 0 1 0 1 1 0 0 0 1 0
0 0 0 0 1 0 1 1 0 0 0 1 0
0 0 0 0 0 0 1 1 0 1 1 0 0
0 0 0 0 0 0 0 0 0 0 0 0 0

20
0: [0, 1, 3]: 13 2
1: [0, 1, 4]: 15 1
2: [0, 1]: 1 5
3: [0, 2, 3]: 14 1
4: [0, 2, 4]: 14 0
5: [0, 2]: 6 1
6: [0, 3]: 16 0
7: [0, 4]: 16 1
8: [0]: 8 4
9: [1, 3]: 2 3
10: [1, 4]: 4 1
11: [1, 5]: 5 1
12: [1]: 12 1
13: [2, 3]: 3 1
14: [2, 4]: 2 0
15: [2]: 11 1
16: [3]: 10 2
17: [4]: 9 2
18: [5]: 9 0
19: []: 17 0
0 1 0 1 0 0 0 0 0 0 0 0 0 0 0 0 0 0 0 0
1 0 0 0 1 0 0 0 0 0 0 0 0 0 0 0 0 0 0 0
0 0 0 0 0 1 0 0 0 0 0 1 0 0 0 0 0 0 0 0
1 0 0 0 1 0 0 0 0 0 0 0 0 0 0 0 0 0 0 0
0 1 0 1 0 0 0 0 0 0 0 0 0 0 0 0 0 0 0 0
0 0 1 0 0 0 0 0 0 0 0 0 0 0 0 0 0 0 0 0
0 0 0 0 0 0 0 1 0 0 0 0 0 0 0 0 0 0 0 0
0 0 0 0 0 0 1 0 0 0 0 0 0 0 0 0 0 0 0 0
0 0 0 0 0 0 0 0 0 0 0 0 0 0 0 0 0 0 1 0
0 0 0 0 0 0 0 0 0 0 1 1 0 1 0 0 0 0 0 0
0 0 0 0 0 0 0 0 0 1 0 1 0 0 1 0 0 0 0 0
0 0 1 0 0 0 0 0 0 1 1 0 0 0 0 0 0 0 0 0
0 0 0 0 0 0 0 0 0 0 0 0 0 0 0 1 0 0 0 0
0 0 0 0 0 0 0 0 0 1 0 0 0 0 1 0 0 0 0 0
0 0 0 0 0 0 0 0 0 0 1 0 0 1 0 0 0 0 0 0
0 0 0 0 0 0 0 0 0 0 0 0 1 0 0 0 0 0 1 0
0 0 0 0 0 0 0 0 0 0 0 0 0 0 0 0 0 1 1 0
0 0 0 0 0 0 0 0 0 0 0 0 0 0 0 0 1 0 1 0
0 0 0 0 0 0 0 0 1 0 0 0 0 0 0 1 1 1 0 0
0 0 0 0 0 0 0 0 0 0 0 0 0 0 0 0 0 0 0 0

19
0: [0, 1, 3]: 6 2
1: [0, 1, 4]: 8 1
2: [0, 1]: 12 0
3: [0, 2, 3]: 7 1
4: [0, 2, 4]: 7 0
5: [0, 2]: 12 1
6: [0, 3]: 13 0
7: [0, 4]: 13 1
8: [0]: 1 4
9: [1, 3]: 9 2
10: [1, 4]: 11 1
11: [1]: 4 1
12: [2, 3]: 10 1
13: [2, 4]: 10 0
14: [2]: 5 1
15: [3]: 3 2
16: [4]: 2 2
17: [5]: 2 0
18: []: 14 0
0 1 0 1 0 0 0 0 0 0 0 0 0 0 0 0 0 0 0
1 0 0 0 1 0 0 0 0 0 0 0 0 0 0 0 0 0 0
0 0 0 0 0 1 0 0 0 0 0 0 0 0 0 0 0 0 0
1 0 0 0 1 0 0 0 0 0 0 0 0 0 0 0 0 0 0
0 1 0 1 0 0 0 0 0 0 0 0 0 0 0 0 0 0 0
0 0 1 0 0 0 0 0 0 0 0 0 0 0 0 0 0 0 0
0 0 0 0 0 0 0 1 0 0 0 0 0 0 0 0 0 0 0
0 0 0 0 0 0 1 0 0 0 0 0 0 0 0 0 0 0 0
0 0 0 0 0 0 0 0 0 0 0 0 0 0 0 0 0 1 0
0 0 0 0 0 0 0 0 0 0 1 0 1 0 0 0 0 0 0
0 0 0 0 0 0 0 0 0 1 0 0 0 1 0 0 0 0 0
0 0 0 0 0 0 0 0 0 0 0 0 0 0 1 0 0 1 0
0 0 0 0 0 0 0 0 0 1 0 0 0 1 0 0 0 0 0
0 0 0 0 0 0 0 0 0 0 1 0 1 0 0 0 0 0 0
0 0 0 0 0 0 0 0 0 0 0 1 0 0 0 0 0 1 0
0 0 0 0 0 0 0 0 0 0 0 0 0 0 0 0 1 1 0
0 0 0 0 0 0 0 0 0 0 0 0 0 0 0 1 0 1 0
0 0 0 0 0 0 0 0 1 0 0 1 0 0 1 1 1 0 0
0 0 0 0 0 0 0 0 0 0 0 0 0 0 0 0 0 0 0

16
0: [0, 1, 3]: 10 0
1: [0, 1, 4]: 10 1
2: [0, 1]: 6 3
3: [0, 2]: 9 1
4: [0, 3]: 7 2
5: [0, 4]: 7 1
6: [0]: 1 4
7: [1, 3]: 11 0
8: [1, 4]: 11 1
9: [1]: 5 1
10: [2, 5]: 7 0
11: [2]: 3 2
12: [3]: 3 1
13: [4]: 2 3
14: [5]: 2 0
15: []: 12 0
0 1 0 0 0 0 0 0 0 0 0 0 0 0 0 0
1 0 0 0 0 0 0 0 0 0 0 0 0 0 0 0
0 0 0 1 0 0 0 0 0 0 0 0 0 0 0 0
0 0 1 0 1 1 0 0 0 0 1 0 0 0 0 0
0 0 0 1 0 1 0 0 0 0 0 0 0 0 0 0
0 0 0 1 1 0 0 0 0 0 0 0 0 0 0 0
0 0 0 0 0 0 0 0 0 0 0 0 0 0 1 0
0 0 0 0 0 0 0 0 1 0 0 0 0 0 0 0
0 0 0 0 0 0 0 1 0 0 0 0 0 0 0 0
0 0 0 0 0 0 0 0 0 0 0 1 0 0 1 0
0 0 0 1 0 0 0 0 0 0 0 0 0 0 0 0
0 0 0 0 0 0 0 0 0 1 0 0 1 1 0 0
0 0 0 0 0 0 0 0 0 0 0 1 0 1 1 0
0 0 0 0 0 0 0 0 0 0 0 1 1 0 1 0
0 0 0 0 0 0 1 0 0 1 0 0 1 1 0 0
0 0 0 0 0 0 0 0 0 0 0 0 0 0 0 0

15
0: [0, 1, 3]: 14 0
1: [0, 1]: 1 5
2: [0, 2]: 6 1
3: [0, 3]: 4 1
4: [0, 5]: 4 2
5: [0]: 8 4
6: [1, 3]: 3 1
7: [1, 4]: 2 1
8: [1]: 12 1
9: [2, 4]: 2 0
10: [2]: 11 1
11: [3]: 9 0
12: [4]: 9 2
13: [5]: 10 2
14: []: 15 0
0 0 0 0 0 0 0 0 0 0 0 0 0 0 0
0 0 1 0 1 0 0 1 0 0 0 0 0 0 0
0 1 0 1 1 0 0 0 0 1 0 0 0 0 0
0 0 1 0 1 0 0 0 0 0 0 0 0 0 0
0 1 1 1 0 0 0 0 0 0 0 0 0 0 0
0 0 0 0 0 0 0 0 0 0 0 0 1 0 0
0 0 0 0 0 0 0 1 0 0 0 0 0 0 0
0 1 0 0 0 0 1 0 0 1 0 0 0 0 0
0 0 0 0 0 0 0 0 0 0 1 0 0 1 0
0 0 1 0 0 0 0 1 0 0 0 0 0 0 0
0 0 0 0 0 0 0 0 1 0 0 1 0 1 0
0 0 0 0 0 0 0 0 0 0 1 0 1 1 0
0 0 0 0 0 1 0 0 0 0 0 1 0 1 0
0 0 0 0 0 0 0 0 1 0 1 1 1 0 0
0 0 0 0 0 0 0 0 0 0 0 0 0 0 0

16
0: [0, 1, 4]: 12 0
1: [0, 1]: 7 4
2: [0, 2, 3]: 14 0
3: [0, 2]: 11 1
4: [0, 3]: 8 1
5: [0, 4]: 8 0
6: [0]: 1 4
7: [1, 4]: 8 2
8: [1, 5]: 9 2
9: [1]: 4 1
10: [2, 3]: 16 0
11: [2]: 3 1
12: [3]: 5 1
13: [4]: 2 3
14: [5]: 2 0
15: []: 17 0
0 0 0 0 0 0 0 0 0 0 0 0 0 0 0 0
0 0 0 1 1 0 0 0 1 0 0 0 0 0 0 0
0 0 0 0 0 0 0 0 0 0 0 0 0 0 0 0
0 1 0 0 0 1 0 0 0 0 0 0 0 0 0 0
0 1 0 0 0 1 0 0 0 0 0 0 0 0 0 0
0 0 0 1 1 0 0 0 0 0 0 0 0 0 0 0
0 0 0 0 0 0 0 0 0 0 0 0 0 0 1 0
0 0 0 0 0 0 0 0 1 0 0 0 0 0 0 0
0 1 0 0 0 0 0 1 0 0 0 0 0 0 0 0
0 0 0 0 0 0 0 0 0 0 0 1 1 0 0 0
0 0 0 0 0 0 0 0 0 0 0 0 0 0 0 0
0 0 0 0 0 0 0 0 0 1 0 0 0 1 1 0
0 0 0 0 0 0 0 0 0 1 0 0 0 1 1 0
0 0 0 0 0 0 0 0 0 0 0 1 1 0 1 0
0 0 0 0 0 0 1 0 0 0 0 1 1 1 0 0
0 0 0 0 0 0 0 0 0 0 0 0 0 0 0 0

15
0: [0, 1, 4]: 9 0
1: [0, 1]: 6 2
2: [0, 2, 3]: 10 0
3: [0, 2]: 8 1
4: [0, 3]: 7 1
5: [0, 4]: 7 0
6: [0]: 1 4
7: [1, 4]: 11 0
8: [1]: 4 1
9: [2, 3]: 12 0
10: [2]: 3 1
11: [3]: 5 1
12: [4]: 2 3
13: [5]: 2 0
14: []: 13 0
0 0 0 0 0 0 0 0 0 0 0 0 0 0 0
0 0 0 1 1 0 0 0 0 0 0 0 0 0 0
0 0 0 0 0 0 0 0 0 0 0 0 0 0 0
0 1 0 0 0 1 0 0 0 0 0 0 0 0 0
0 1 0 0 0 1 0 0 0 0 0 0 0 0 0
0 0 0 1 1 0 0 0 0 0 0 0 0 0 0
0 0 0 0 0 0 0 0 0 0 0 0 0 1 0
0 0 0 0 0 0 0 0 0 0 0 0 0 0 0
0 0 0 0 0 0 0 0 0 0 1 1 0 1 0
0 0 0 0 0 0 0 0 0 0 0 0 0 0 0
0 0 0 0 0 0 0 0 1 0 0 0 1 1 0
0 0 0 0 0 0 0 0 1 0 0 0 1 1 0
0 0 0 0 0 0 0 0 0 0 1 1 0 1 0
0 0 0 0 0 0 1 0 1 0 1 1 1 0 0
0 0 0 0 0 0 0 0 0 0 0 0 0 0 0

14
0: [0, 1]: 6 3
1: [0, 2, 3]: 11 0
2: [0, 2]: 9 1
3: [0, 3]: 7 0
4: [0]: 1 4
5: [1, 4]: 7 1
6: [1, 5]: 7 2
7: [1]: 4 1
8: [2, 3]: 12 0
9: [2]: 3 1
10: [3]: 5 1
11: [4]: 2 0
12: [5]: 2 3
13: []: 13 0
0 0 1 1 0 1 1 0 0 0 0 0 0 0
0 0 0 0 0 0 0 0 0 0 0 0 0 0
1 0 0 0 0 0 0 0 0 0 0 0 0 0
1 0 0 0 0 0 0 0 0 0 0 0 0 0
0 0 0 0 0 0 0 0 0 0 0 1 1 0
1 0 0 0 0 0 1 0 0 0 0 0 0 0
1 0 0 0 0 1 0 0 0 0 0 0 0 0
0 0 0 0 0 0 0 0 0 1 1 0 0 0
0 0 0 0 0 0 0 0 0 0 0 0 0 0
0 0 0 0 0 0 0 1 0 0 0 1 1 0
0 0 0 0 0 0 0 1 0 0 0 1 1 0
0 0 0 0 1 0 0 0 0 1 1 0 1 0
0 0 0 0 1 0 0 0 0 1 1 1 0 0
0 0 0 0 0 0 0 0 0 0 0 0 0 0

12
0: [0, 1]: 6 3
1: [0, 2]: 9 1
2: [0, 3]: 8 1
3: [0, 4]: 7 0
4: [0]: 1 4
5: [1, 5]: 7 1
6: [1]: 3 2
7: [2]: 3 1
8: [3]: 5 1
9: [4]: 2 3
10: [5]: 2 0
11: []: 11 0
0 1 1 1 0 1 0 0 0 0 0 0
1 0 1 1 0 0 0 0 0 0 0 0
1 1 0 1 0 0 0 0 0 0 0 0
1 1 1 0 0 0 0 0 0 0 0 0
0 0 0 0 0 0 0 0 0 0 1 0
1 0 0 0 0 0 0 0 0 0 0 0
0 0 0 0 0 0 0 1 1 1 0 0
0 0 0 0 0 0 1 0 1 1 1 0
0 0 0 0 0 0 1 1 0 1 1 0
0 0 0 0 0 0 1 1 1 0 1 0
0 0 0 0 1 0 0 1 1 1 0 0
0 0 0 0 0 0 0 0 0 0 0 0

11
0: [0, 1]: 6 2
1: [0, 2]: 8 1
2: [0, 3]: 7 0
3: [0]: 1 4
4: [1, 4]: 7 1
5: [1]: 3 2
6: [2]: 3 1
7: [3]: 5 1
8: [4]: 2 0
9: [5]: 2 3
10: []: 9 0
0 1 1 0 1 0 0 0 0 0 0
1 0 1 0 0 0 0 0 0 0 0
1 1 0 0 0 0 0 0 0 0 0
0 0 0 0 0 0 0 0 1 1 0
1 0 0 0 0 0 0 0 0 0 0
0 0 0 0 0 0 1 1 0 1 0
0 0 0 0 0 1 0 1 1 1 0
0 0 0 0 0 1 1 0 1 1 0
0 0 0 1 0 0 1 1 0 1 0
0 0 0 1 0 1 1 1 1 0 0
0 0 0 0 0 0 0 0 0 0 0

17
0: [0, 1, 5]: 15 0
1: [0, 1]: 2 6
2: [0, 2, 4]: 17 0
3: [0, 2]: 8 1
4: [0, 4]: 5 2
5: [0, 5]: 5 3
6: [0]: 9 4
7: [1, 3]: 3 1
8: [1, 5]: 4 1
9: [1]: 13 1
10: [2, 3]: 3 0
11: [2, 4]: 5 1
12: [2]: 11 2
13: [3]: 10 0
14: [4]: 11 1
15: [5]: 10 3
16: []: 18 0
0 0 0 0 0 0 0 0 0 0 0 0 0 0 0 0 0
0 0 0 1 1 0 0 1 0 0 0 0 0 0 0 0 0
0 0 0 0 0 0 0 0 0 0 0 0 0 0 0 0 0
0 1 0 0 0 1 0 0 0 0 1 0 0 0 0 0 0
0 1 0 0 0 1 0 0 0 0 0 0 0 0 0 0 0
0 0 0 1 1 0 0 0 0 0 0 0 0 0 0 0 0
0 0 0 0 0 0 0 0 0 0 0 0 0 1 0 0 0
0 1 0 0 0 0 0 0 1 0 1 0 0 0 0 0 0
0 0 0 0 0 0 0 1 0 0 0 0 0 0 0 0 0
0 0 0 0 0 0 0 0 0 0 0 0 1 0 1 0 0
0 0 0 1 0 0 0 1 0 0 0 1 0 0 0 0 0
0 0 0 0 0 0 0 0 0 0 1 0 0 0 0 0 0
0 0 0 0 0 0 0 0 0 1 0 0 0 0 0 1 0
0 0 0 0 0 0 1 0 0 0 0 0 0 0 1 1 0
0 0 0 0 0 0 0 0 0 1 0 0 0 1 0 1 0
0 0 0 0 0 0 0 0 0 0 0 0 1 1 1 0 0
0 0 0 0 0 0 0 0 0 0 0 0 0 0 0 0 0

12
0: [0, 1]: 6 3
1: [0, 2]: 9 1
2: [0, 5]: 7 0
3: [0]: 1 4
4: [1, 4]: 7 1
5: [1]: 4 1
6: [2, 3]: 8 1
7: [2]: 3 1
8: [3]: 5 1
9: [4]: 2 0
10: [5]: 2 3
11: []: 11 0
0 1 1 0 1 0 0 0 0 0 0 0
1 0 1 0 0 0 1 0 0 0 0 0
1 1 0 0 0 0 0 0 0 0 0 0
0 0 0 0 0 0 0 0 1 1 0 0
1 0 0 0 0 0 0 0 0 0 0 0
0 0 0 0 0 0 0 1 1 0 1 0
0 1 0 0 0 0 0 0 0 0 0 0
0 0 0 0 0 1 0 0 0 1 1 0
0 0 0 1 0 1 0 0 0 1 1 0
0 0 0 1 0 0 0 1 1 0 1 0
0 0 0 0 0 1 0 1 1 1 0 0
0 0 0 0 0 0 0 0 0 0 0 0

21
0: [0, 1, 4]: 17 2
1: [0, 1, 5]: 19 1
2: [0, 1]: 2 8
3: [0, 3, 5]: 18 0
4: [0, 3]: 10 1
5: [0, 4]: 8 2
6: [0, 5]: 7 3
7: [0]: 12 4
8: [1, 2, 4]: 18 1
9: [1, 2]: 3 1
10: [1, 4]: 3 4
11: [1, 5]: 3 2
12: [1]: 16 1
13: [2, 3]: 3 0
14: [2, 4]: 7 1
15: [2]: 13 0
16: [3, 5]: 6 1
17: [3]: 13 3
18: [4]: 15 1
19: [5]: 13 1
20: []: 20 0
0 1 0 0 0 0 0 0 1 0 0 0 0 0 0 0 0 0 0 0 0
1 0 0 1 0 0 0 0 0 0 0 0 0 0 0 0 0 0 0 0 0
0 0 0 0 1 0 0 0 0 1 0 0 0 0 0 0 0 0 0 0 0
0 1 0 0 0 0 0 0 0 0 0 0 0 0 0 0 0 0 0 0 0
0 0 1 0 0 1 0 0 0 0 0 0 0 1 0 0 0 0 0 0 0
0 0 0 0 1 0 1 0 0 0 0 0 0 0 1 0 0 0 0 0 0
0 0 0 0 0 1 0 0 0 0 0 0 0 0 0 0 0 0 0 0 0
0 0 0 0 0 0 0 0 0 0 0 0 0 0 0 1 0 0 0 0 0
1 0 0 0 0 0 0 0 0 0 0 0 0 0 0 0 0 0 0 0 0
0 0 1 0 0 0 0 0 0 0 0 1 0 1 0 0 0 0 0 0 0
0 0 0 0 0 0 0 0 0 0 0 1 0 0 0 0 0 0 0 0 0
0 0 0 0 0 0 0 0 0 1 1 0 0 0 0 0 1 0 0 0 0
0 0 0 0 0 0 0 0 0 0 0 0 0 0 0 0 0 1 0 0 0
0 0 0 0 1 0 0 0 0 1 0 0 0 0 1 0 1 0 0 0 0
0 0 0 0 0 1 0 0 0 0 0 0 0 1 0 0 0 0 0 0 0
0 0 0 0 0 0 0 1 0 0 0 0 0 0 0 0 0 0 0 1 0
0 0 0 0 0 0 0 0 0 0 0 1 0 1 0 0 0 0 0 0 0
0 0 0 0 0 0 0 0 0 0 0 0 1 0 0 0 0 0 1 0 0
0 0 0 0 0 0 0 0 0 0 0 0 0 0 0 0 0 1 0 1 0
0 0 0 0 0 0 0 0 0 0 0 0 0 0 0 1 0 0 1 0 0
0 0 0 0 0 0 0 0 0 0 0 0 0 0 0 0 0 0 0 0 0

17
0: [0, 1, 4]: 14 0
1: [0, 1, 5]: 14 1
2: [0, 1]: 2 6
3: [0, 3]: 8 1
4: [0, 4]: 6 2
5: [0, 5]: 6 1
6: [0]: 9 4
7: [1, 2]: 3 1
8: [1, 4]: 5 1
9: [1, 5]: 3 2
10: [1]: 13 1
11: [2, 3]: 3 0
12: [2]: 10 2
13: [3]: 12 1
14: [4]: 10 0
15: [5]: 11 2
16: []: 15 0
0 1 0 0 0 0 0 0 0 0 0 0 0 0 0 0 0
1 0 0 0 0 0 0 0 0 0 0 0 0 0 0 0 0
0 0 0 1 0 0 0 1 0 0 0 0 0 0 0 0 0
0 0 1 0 1 1 0 0 0 0 0 1 0 0 0 0 0
0 0 0 1 0 1 0 0 0 0 0 0 0 0 0 0 0
0 0 0 1 1 0 0 0 0 0 0 0 0 0 0 0 0
0 0 0 0 0 0 0 0 0 0 0 0 1 0 0 0 0
0 0 1 0 0 0 0 0 1 1 0 1 0 0 0 0 0
0 0 0 0 0 0 0 1 0 1 0 0 0 0 0 0 0
0 0 0 0 0 0 0 1 1 0 0 0 0 0 0 0 0
0 0 0 0 0 0 0 0 0 0 0 0 0 1 0 0 0
0 0 0 1 0 0 0 1 0 0 0 0 0 0 0 0 0
0 0 0 0 0 0 1 0 0 0 0 0 0 0 1 1 0
0 0 0 0 0 0 0 0 0 0 1 0 0 0 1 1 0
0 0 0 0 0 0 0 0 0 0 0 0 1 1 0 1 0
0 0 0 0 0 0 0 0 0 0 0 0 1 1 1 0 0
0 0 0 0 0 0 0 0 0 0 0 0 0 0 0 0 0

15
0: [0, 1, 4]: 14 0
1: [0, 1]: 1 5
2: [0, 3]: 6 1
3: [0, 4]: 4 2
4: [0]: 8 4
5: [1, 2]: 2 1
6: [1, 4]: 2 2
7: [1]: 10 1
8: [2, 3]: 2 0
9: [2, 5]: 4 1
10: [2]: 12 1
11: [3]: 11 1
12: [4]: 9 0
13: [5]: 9 2
14: []: 15 0
0 0 0 0 0 0 0 0 0 0 0 0 0 0 0
0 0 1 0 0 1 0 0 0 0 0 0 0 0 0
0 1 0 1 0 0 0 0 1 0 0 0 0 0 0
0 0 1 0 0 0 0 0 0 0 0 0 0 0 0
0 0 0 0 0 0 0 0 0 0 1 0 0 1 0
0 1 0 0 0 0 1 0 1 1 0 0 0 0 0
0 0 0 0 0 1 0 0 0 0 0 0 0 0 0
0 0 0 0 0 0 0 0 0 0 0 1 0 1 0
0 0 1 0 0 1 0 0 0 1 0 0 0 0 0
0 0 0 0 0 1 0 0 1 0 0 0 0 0 0
0 0 0 0 1 0 0 0 0 0 0 0 1 0 0
0 0 0 0 0 0 0 1 0 0 0 0 1 1 0
0 0 0 0 0 0 0 0 0 0 1 1 0 1 0
0 0 0 0 1 0 0 1 0 0 0 1 1 0 0
0 0 0 0 0 0 0 0 0 0 0 0 0 0 0

14
0: [0, 1, 4]: 12 0
1: [0, 1]: 7 4
2: [0, 3]: 11 1
3: [0, 4]: 10 1
4: [0]: 1 4
5: [1, 2]: 8 1
6: [1, 4]: 9 1
7: [1]: 3 1
8: [2, 3]: 8 0
9: [2]: 5 1
10: [3]: 2 3
11: [4]: 4 1
12: [5]: 2 0
13: []: 14 0
0 0 0 0 0 0 0 0 0 0 0 0 0 0
0 0 1 0 0 1 0 0 0 0 0 0 0 0
0 1 0 1 0 0 0 0 1 0 0 0 0 0
0 0 1 0 0 0 0 0 0 0 0 0 0 0
0 0 0 0 0 0 0 0 0 1 0 0 1 0
0 1 0 0 0 0 1 0 1 0 0 0 0 0
0 0 0 0 0 1 0 0 0 0 0 0 0 0
0 0 0 0 0 0 0 0 0 0 1 0 1 0
0 0 1 0 0 1 0 0 0 0 0 0 0 0
0 0 0 0 1 0 0 0 0 0 0 1 1 0
0 0 0 0 0 0 0 1 0 0 0 1 1 0
0 0 0 0 0 0 0 0 0 1 1 0 1 0
0 0 0 0 1 0 0 1 0 1 1 1 0 0
0 0 0 0 0 0 0 0 0 0 0 0 0 0

13
0: [0, 1]: 7 4
1: [0, 3]: 11 1
2: [0, 5]: 10 1
3: [0]: 1 4
4: [1, 2]: 8 1
5: [1, 4]: 9 1
6: [1]: 4 1
7: [2, 3]: 8 0
8: [2]: 5 1
9: [3]: 3 1
10: [4]: 2 0
11: [5]: 2 3
12: []: 12 0
0 1 1 0 1 1 0 0 0 0 0 0 0
1 0 1 0 0 0 0 1 0 0 0 0 0
1 1 0 0 0 0 0 0 0 0 0 0 0
0 0 0 0 0 0 0 0 1 0 1 0 0
1 0 0 0 0 1 0 1 0 0 0 0 0
1 0 0 0 1 0 0 0 0 0 0 0 0
0 0 0 0 0 0 0 0 0 1 0 1 0
0 1 0 0 1 0 0 0 0 0 0 0 0
0 0 0 1 0 0 0 0 0 0 1 1 0
0 0 0 0 0 0 1 0 0 0 1 1 0
0 0 0 1 0 0 0 0 1 1 0 1 0
0 0 0 0 0 0 1 0 1 1 1 0 0
0 0 0 0 0 0 0 0 0 0 0 0 0

10
0: [0, 1]: 6 1
1: [0, 3]: 7 1
2: [0]: 1 4
3: [1, 2]: 7 0
4: [1]: 3 1
5: [2]: 5 1
6: [3]: 4 1
7: [4]: 2 3
8: [5]: 2 0
9: []: 8 0
0 1 0 1 0 0 0 0 0 0
1 0 0 0 0 0 0 0 0 0
0 0 0 0 0 1 0 1 1 0
1 0 0 0 0 0 0 0 0 0
0 0 0 0 0 0 1 1 1 0
0 0 1 0 0 0 1 1 1 0
0 0 0 0 1 1 0 1 1 0
0 0 1 0 1 1 1 0 1 0
0 0 1 0 1 1 1 1 0 0
0 0 0 0 0 0 0 0 0 0

16
0: [0, 1]: 6 3
1: [0, 4, 5]: 11 0
2: [0, 4]: 9 1
3: [0, 5]: 7 0
4: [0]: 1 4
5: [1, 2, 3]: 12 0
6: [1, 2]: 7 1
7: [1, 3]: 7 2
8: [1]: 3 1
9: [2, 3]: 13 0
10: [2]: 5 1
11: [3]: 2 2
12: [4, 5]: 15 0
13: [4]: 2 0
14: [5]: 3 2
15: []: 16 0
0 0 1 1 0 0 1 1 0 0 0 0 0 0 0 0
0 0 0 0 0 0 0 0 0 0 0 0 0 0 0 0
1 0 0 0 0 0 0 0 0 0 0 0 0 0 0 0
1 0 0 0 0 0 0 0 0 0 0 0 0 0 0 0
0 0 0 0 0 0 0 0 0 0 1 1 0 0 0 0
0 0 0 0 0 0 0 0 0 0 0 0 0 0 0 0
1 0 0 0 0 0 0 0 0 0 0 0 0 0 0 0
1 0 0 0 0 0 0 0 0 0 0 0 0 0 0 0
0 0 0 0 0 0 0 0 0 0 0 0 0 1 1 0
0 0 0 0 0 0 0 0 0 0 0 0 0 0 0 0
0 0 0 0 1 0 0 0 0 0 0 0 0 1 1 0
0 0 0 0 1 0 0 0 0 0 0 0 0 1 1 0
0 0 0 0 0 0 0 0 0 0 0 0 0 0 0 0
0 0 0 0 0 0 0 0 1 0 1 1 0 0 0 0
0 0 0 0 0 0 0 0 1 0 1 1 0 0 0 0
0 0 0 0 0 0 0 0 0 0 0 0 0 0 0 0

14
0: [0, 1]: 1 5
1: [0, 4]: 6 1
2: [0, 5]: 2 0
3: [0]: 8 4
4: [1, 2]: 2 2
5: [1, 3]: 3 2
6: [1]: 12 1
7: [2, 5]: 2 1
8: [2]: 9 2
9: [3, 4]: 3 3
10: [3]: 9 0
11: [4]: 10 2
12: [5]: 10 1
13: []: 14 0
0 1 1 0 1 1 0 0 0 0 0 0 0 0
1 0 1 0 0 0 0 0 0 1 0 0 0 0
1 1 0 0 0 0 0 1 0 0 0 0 0 0
0 0 0 0 0 0 0 0 1 0 1 0 0 0
1 0 0 0 0 1 0 1 0 0 0 0 0 0
1 0 0 0 1 0 0 0 0 1 0 0 0 0
0 0 0 0 0 0 0 0 0 0 0 1 1 0
0 0 1 0 1 0 0 0 0 0 0 0 0 0
0 0 0 1 0 0 0 0 0 0 1 1 0 0
0 1 0 0 0 1 0 0 0 0 0 0 0 0
0 0 0 1 0 0 0 0 1 0 0 0 1 0
0 0 0 0 0 0 1 0 1 0 0 0 1 0
0 0 0 0 0 0 1 0 0 0 1 1 0 0
0 0 0 0 0 0 0 0 0 0 0 0 0 0

12
0: [0, 1]: 6 3
1: [0, 4]: 9 1
2: [0, 5]: 7 0
3: [0]: 1 4
4: [1, 2]: 7 1
5: [1, 3]: 8 1
6: [1]: 3 2
7: [2]: 5 1
8: [3]: 2 0
9: [4]: 3 1
10: [5]: 2 3
11: []: 11 0
0 1 1 0 1 1 0 0 0 0 0 0
1 0 1 0 0 0 0 0 0 0 0 0
1 1 0 0 0 0 0 0 0 0 0 0
0 0 0 0 0 0 0 1 1 0 0 0
1 0 0 0 0 1 0 0 0 0 0 0
1 0 0 0 1 0 0 0 0 0 0 0
0 0 0 0 0 0 0 0 0 1 1 0
0 0 0 1 0 0 0 0 1 1 1 0
0 0 0 1 0 0 0 1 0 1 1 0
0 0 0 0 0 0 1 1 1 0 1 0
0 0 0 0 0 0 1 1 1 1 0 0
0 0 0 0 0 0 0 0 0 0 0 0

12
0: [0, 1]: 6 3
1: [0, 4]: 9 1
2: [0, 5]: 7 0
3: [0]: 1 4
4: [1, 2]: 8 1
5: [1]: 3 1
6: [2, 3]: 7 1
7: [2]: 5 1
8: [3]: 2 2
9: [4]: 2 0
10: [5]: 4 1
11: []: 11 0
0 1 1 0 1 0 0 0 0 0 0 0
1 0 1 0 0 0 0 0 0 0 0 0
1 1 0 0 0 0 0 0 0 0 0 0
0 0 0 0 0 0 0 1 1 0 0 0
1 0 0 0 0 0 1 0 0 0 0 0
0 0 0 0 0 0 0 0 1 1 1 0
0 0 0 0 1 0 0 0 0 0 0 0
0 0 0 1 0 0 0 0 0 1 1 0
0 0 0 1 0 1 0 0 0 1 1 0
0 0 0 0 0 1 0 1 1 0 1 0
0 0 0 0 0 1 0 1 1 1 0 0
0 0 0 0 0 0 0 0 0 0 0 0

15
0: [0, 1, 5]: 14 0
1: [0, 1]: 1 5
2: [0, 4]: 6 1
3: [0, 5]: 4 2
4: [0]: 8 4
5: [1, 3]: 2 1
6: [1, 5]: 2 2
7: [1]: 11 1
8: [2, 3]: 4 1
9: [2, 4]: 2 0
10: [2]: 12 1
11: [3]: 9 2
12: [4]: 10 2
13: [5]: 9 0
14: []: 15 0
0 0 0 0 0 0 0 0 0 0 0 0 0 0 0
0 0 1 0 0 1 0 0 0 0 0 0 0 0 0
0 1 0 1 0 0 0 0 0 1 0 0 0 0 0
0 0 1 0 0 0 0 0 0 0 0 0 0 0 0
0 0 0 0 0 0 0 0 0 0 1 1 0 0 0
0 1 0 0 0 0 1 0 1 0 0 0 0 0 0
0 0 0 0 0 1 0 0 0 0 0 0 0 0 0
0 0 0 0 0 0 0 0 0 0 1 0 1 0 0
0 0 0 0 0 1 0 0 0 1 0 0 0 0 0
0 0 1 0 0 0 0 0 1 0 0 0 0 0 0
0 0 0 0 1 0 0 1 0 0 0 0 0 1 0
0 0 0 0 1 0 0 0 0 0 0 0 1 1 0
0 0 0 0 0 0 0 1 0 0 0 1 0 1 0
0 0 0 0 0 0 0 0 0 0 1 1 1 0 0
0 0 0 0 0 0 0 0 0 0 0 0 0 0 0

11
0: [0, 1]: 6 1
1: [0, 5]: 7 1
2: [0]: 1 4
3: [1, 4]: 7 0
4: [1]: 5 1
5: [2, 3]: 8 0
6: [2]: 2 0
7: [3]: 2 3
8: [4]: 2 1
9: [5]: 4 1
10: []: 9 0
0 1 0 1 0 0 0 0 0 0 0
1 0 0 0 0 0 0 0 0 0 0
0 0 0 0 0 0 1 1 1 0 0
1 0 0 0 0 0 0 0 0 0 0
0 0 0 0 0 0 1 1 0 1 0
0 0 0 0 0 0 0 0 0 0 0
0 0 1 0 1 0 0 0 1 1 0
0 0 1 0 1 0 0 0 1 1 0
0 0 1 0 0 0 1 1 0 1 0
0 0 0 0 1 0 1 1 1 0 0
0 0 0 0 0 0 0 0 0 0 0

19
0: [0, 2, 3]: 14 0
1: [0, 2]: 2 6
2: [0, 3]: 8 1
3: [0, 4, 5]: 15 0
4: [0, 4]: 5 3
5: [0, 5]: 3 0
6: [0]: 9 4
7: [1, 2, 3]: 14 1
8: [1, 2]: 3 3
9: [1, 3]: 3 1
10: [1, 4]: 5 2
11: [1]: 13 1
12: [2, 3]: 16 0
13: [2]: 12 1
14: [3]: 11 1
15: [4, 5]: 4 2
16: [4]: 10 3
17: [5]: 10 0
18: []: 17 0
0 0 0 0 0 0 0 1 0 0 0 0 0 0 0 0 0 0 0
0 0 0 0 1 1 0 0 1 0 0 0 0 0 0 0 0 0 0
0 0 0 0 1 1 0 0 0 1 0 0 0 0 0 0 0 0 0
0 0 0 0 0 0 0 0 0 0 0 0 0 0 0 0 0 0 0
0 1 1 0 0 0 0 0 0 0 1 0 0 0 0 0 0 0 0
0 1 1 0 0 0 0 0 0 0 0 0 0 0 0 0 0 0 0
0 0 0 0 0 0 0 0 0 0 0 1 0 0 0 0 0 0 0
1 0 0 0 0 0 0 0 0 0 0 0 0 0 0 0 0 0 0
0 1 0 0 0 0 0 0 0 0 1 0 0 0 0 0 0 0 0
0 0 1 0 0 0 0 0 0 0 1 0 0 0 0 0 0 0 0
0 0 0 0 1 0 0 0 1 1 0 0 0 0 0 1 0 0 0
0 0 0 0 0 0 1 0 0 0 0 0 0 0 0 0 0 1 0
0 0 0 0 0 0 0 0 0 0 0 0 0 0 0 0 0 0 0
0 0 0 0 0 0 0 0 0 0 0 0 0 0 0 0 1 1 0
0 0 0 0 0 0 0 0 0 0 0 0 0 0 0 0 1 1 0
0 0 0 0 0 0 0 0 0 0 1 0 0 0 0 0 0 0 0
0 0 0 0 0 0 0 0 0 0 0 0 0 1 1 0 0 0 0
0 0 0 0 0 0 0 0 0 0 0 1 0 1 1 0 0 0 0
0 0 0 0 0 0 0 0 0 0 0 0 0 0 0 0 0 0 0

17
0: [0, 2, 3]: 13 0
1: [0, 2]: 1 5
2: [0, 3]: 6 1
3: [0, 5]: 3 3
4: [0]: 8 4
5: [1, 2, 3]: 13 1
6: [1, 2]: 2 2
7: [1, 3]: 4 1
8: [1, 4]: 2 0
9: [1]: 12 1
10: [2, 3]: 14 0
11: [2]: 11 1
12: [3]: 10 1
13: [4, 5]: 3 2
14: [4]: 9 2
15: [5]: 9 0
16: []: 15 0
0 0 0 0 0 1 0 0 0 0 0 0 0 0 0 0 0
0 0 0 1 0 0 1 0 0 0 0 0 0 0 0 0 0
0 0 0 1 0 0 0 1 0 0 0 0 0 0 0 0 0
0 1 1 0 0 0 0 0 0 0 0 0 0 1 0 0 0
0 0 0 0 0 0 0 0 0 1 0 0 0 0 1 0 0
1 0 0 0 0 0 0 0 0 0 0 0 0 0 0 0 0
0 1 0 0 0 0 0 0 1 0 0 0 0 0 0 0 0
0 0 1 0 0 0 0 0 1 0 0 0 0 0 0 0 0
0 0 0 0 0 0 1 1 0 0 0 0 0 1 0 0 0
0 0 0 0 1 0 0 0 0 0 0 0 0 0 0 1 0
0 0 0 0 0 0 0 0 0 0 0 0 0 0 0 0 0
0 0 0 0 0 0 0 0 0 0 0 0 0 0 1 1 0
0 0 0 0 0 0 0 0 0 0 0 0 0 0 1 1 0
0 0 0 1 0 0 0 0 1 0 0 0 0 0 0 0 0
0 0 0 0 1 0 0 0 0 0 0 1 1 0 0 0 0
0 0 0 0 0 0 0 0 0 1 0 1 1 0 0 0 0
0 0 0 0 0 0 0 0 0 0 0 0 0 0 0 0 0

16
0: [0, 2, 3]: 12 0
1: [0, 2]: 7 4
2: [0, 3]: 11 1
3: [0, 5]: 9 2
4: [0]: 1 4
5: [1, 2, 3]: 12 1
6: [1, 2]: 8 1
7: [1, 3]: 9 1
8: [1, 4]: 8 0
9: [1]: 5 1
10: [2, 3]: 13 0
11: [2]: 3 1
12: [3]: 2 2
13: [4]: 4 1
14: [5]: 2 0
15: []: 14 0
0 0 0 0 0 1 0 0 0 0 0 0 0 0 0 0
0 0 0 1 0 0 1 0 0 0 0 0 0 0 0 0
0 0 0 1 0 0 0 1 0 0 0 0 0 0 0 0
0 1 1 0 0 0 0 0 0 0 0 0 0 0 0 0
0 0 0 0 0 0 0 0 0 1 0 0 0 1 0 0
1 0 0 0 0 0 0 0 0 0 0 0 0 0 0 0
0 1 0 0 0 0 0 0 1 0 0 0 0 0 0 0
0 0 1 0 0 0 0 0 1 0 0 0 0 0 0 0
0 0 0 0 0 0 1 1 0 0 0 0 0 0 0 0
0 0 0 0 1 0 0 0 0 0 0 0 0 0 1 0
0 0 0 0 0 0 0 0 0 0 0 0 0 0 0 0
0 0 0 0 0 0 0 0 0 0 0 0 0 1 1 0
0 0 0 0 0 0 0 0 0 0 0 0 0 1 1 0
0 0 0 0 1 0 0 0 0 0 0 1 1 0 1 0
0 0 0 0 0 0 0 0 0 1 0 1 1 1 0 0
0 0 0 0 0 0 0 0 0 0 0 0 0 0 0 0

16
0: [0, 2, 5]: 15 0
1: [0, 2]: 2 6
2: [0, 3]: 8 1
3: [0, 4]: 5 2
4: [0, 5]: 5 3
5: [0]: 9 4
6: [1, 2]: 3 1
7: [1, 3]: 3 0
8: [1, 4]: 5 1
9: [1]: 13 1
10: [2, 5]: 3 2
11: [2]: 10 3
12: [3]: 12 1
13: [4]: 11 1
14: [5]: 10 0
15: []: 17 0
0 0 0 0 0 0 0 0 0 0 0 0 0 0 0 0
0 0 1 1 0 0 1 0 0 0 0 0 0 0 0 0
0 1 0 1 1 0 0 1 0 0 0 0 0 0 0 0
0 1 1 0 1 0 0 0 1 0 0 0 0 0 0 0
0 0 1 1 0 0 0 0 0 0 0 0 0 0 0 0
0 0 0 0 0 0 0 0 0 1 0 0 0 0 0 0
0 1 0 0 0 0 0 1 1 0 1 0 0 0 0 0
0 0 1 0 0 0 1 0 1 0 0 0 0 0 0 0
0 0 0 1 0 0 1 1 0 0 0 0 0 0 0 0
0 0 0 0 0 1 0 0 0 0 0 0 0 0 1 0
0 0 0 0 0 0 1 0 0 0 0 0 0 0 0 0
0 0 0 0 0 0 0 0 0 0 0 0 1 1 0 0
0 0 0 0 0 0 0 0 0 0 0 1 0 1 1 0
0 0 0 0 0 0 0 0 0 0 0 1 1 0 1 0
0 0 0 0 0 0 0 0 0 1 0 0 1 1 0 0
0 0 0 0 0 0 0 0 0 0 0 0 0 0 0 0

14
0: [0, 2]: 1 5
1: [0, 3]: 6 1
2: [0, 4]: 3 2
3: [0, 5]: 3 3
4: [0]: 8 4
5: [1, 2]: 2 1
6: [1, 3]: 2 0
7: [1, 4]: 3 1
8: [1]: 12 1
9: [2]: 10 1
10: [3]: 11 1
11: [4]: 9 3
12: [5]: 9 0
13: []: 14 0
0 1 1 1 0 1 0 0 0 0 0 0 0 0
1 0 1 1 0 0 1 0 0 0 0 0 0 0
1 1 0 1 0 0 0 1 0 0 0 0 0 0
1 1 1 0 0 0 0 0 0 0 0 0 0 0
0 0 0 0 0 0 0 0 1 0 0 0 0 0
1 0 0 0 0 0 1 1 0 0 0 0 0 0
0 1 0 0 0 1 0 1 0 0 0 0 0 0
0 0 1 0 0 1 1 0 0 0 0 0 0 0
0 0 0 0 1 0 0 0 0 0 0 0 1 0
0 0 0 0 0 0 0 0 0 0 1 1 1 0
0 0 0 0 0 0 0 0 0 1 0 1 1 0
0 0 0 0 0 0 0 0 0 1 1 0 1 0
0 0 0 0 0 0 0 0 1 1 1 1 0 0
0 0 0 0 0 0 0 0 0 0 0 0 0 0

14
0: [0, 2]: 1 5
1: [0, 3]: 6 1
2: [0, 4]: 4 2
3: [0]: 8 4
4: [1, 2]: 2 1
5: [1, 3]: 2 0
6: [1, 4]: 4 1
7: [1]: 12 1
8: [2, 5]: 2 2
9: [2]: 11 1
10: [3]: 10 1
11: [4]: 9 2
12: [5]: 9 0
13: []: 14 0
0 1 1 0 1 0 0 0 1 0 0 0 0 0
1 0 1 0 0 1 0 0 0 0 0 0 0 0
1 1 0 0 0 0 1 0 0 0 0 0 0 0
0 0 0 0 0 0 0 1 0 0 0 0 1 0
1 0 0 0 0 1 1 0 1 0 0 0 0 0
0 1 0 0 1 0 1 0 0 0 0 0 0 0
0 0 1 0 1 1 0 0 0 0 0 0 0 0
0 0 0 1 0 0 0 0 0 0 0 0 1 0
1 0 0 0 1 0 0 0 0 0 0 0 0 0
0 0 0 0 0 0 0 0 0 0 1 1 0 0
0 0 0 0 0 0 0 0 0 1 0 1 1 0
0 0 0 0 0 0 0 0 0 1 1 0 1 0
0 0 0 1 0 0 0 1 0 0 1 1 0 0
0 0 0 0 0 0 0 0 0 0 0 0 0 0

13
0: [0, 2]: 7 4
1: [0, 3]: 11 1
2: [0, 4]: 9 2
3: [0]: 1 4
4: [1, 2]: 8 1
5: [1, 3]: 8 0
6: [1, 4]: 9 1
7: [1]: 5 1
8: [2]: 3 1
9: [3]: 4 1
10: [4]: 2 2
11: [5]: 2 0
12: []: 12 0
0 1 1 0 1 0 0 0 0 0 0 0 0
1 0 1 0 0 1 0 0 0 0 0 0 0
1 1 0 0 0 0 1 0 0 0 0 0 0
0 0 0 0 0 0 0 1 0 0 0 1 0
1 0 0 0 0 1 1 0 0 0 0 0 0
0 1 0 0 1 0 1 0 0 0 0 0 0
0 0 1 0 1 1 0 0 0 0 0 0 0
0 0 0 1 0 0 0 0 0 0 0 1 0
0 0 0 0 0 0 0 0 0 1 1 1 0
0 0 0 0 0 0 0 0 1 0 1 1 0
0 0 0 0 0 0 0 0 1 1 0 1 0
0 0 0 1 0 0 0 1 1 1 1 0 0
0 0 0 0 0 0 0 0 0 0 0 0 0

13
0: [0, 2]: 7 4
1: [0, 3]: 11 1
2: [0, 4]: 8 3
3: [0, 5]: 8 2
4: [0]: 1 4
5: [1, 2]: 8 1
6: [1, 3]: 8 0
7: [1]: 5 1
8: [2]: 3 1
9: [3]: 2 3
10: [4]: 4 1
11: [5]: 2 0
12: []: 12 0
0 1 1 1 0 1 0 0 0 0 0 0 0
1 0 1 1 0 0 1 0 0 0 0 0 0
1 1 0 1 0 0 0 0 0 0 0 0 0
1 1 1 0 0 0 0 0 0 0 0 0 0
0 0 0 0 0 0 0 1 0 0 0 0 0
1 0 0 0 0 0 1 0 0 0 0 0 0
0 1 0 0 0 1 0 0 0 0 0 0 0
0 0 0 0 1 0 0 0 0 0 1 1 0
0 0 0 0 0 0 0 0 0 1 1 1 0
0 0 0 0 0 0 0 0 1 0 1 1 0
0 0 0 0 0 0 0 1 1 1 0 1 0
0 0 0 0 0 0 0 1 1 1 1 0 0
0 0 0 0 0 0 0 0 0 0 0 0 0

13
0: [0, 2]: 7 4
1: [0, 3]: 11 1
2: [0, 4]: 8 3
3: [0]: 1 4
4: [1, 2]: 8 1
5: [1, 3]: 8 0
6: [1]: 5 1
7: [2]: 2 3
8: [3]: 3 1
9: [4, 5]: 8 2
10: [4]: 3 2
11: [5]: 2 0
12: []: 12 0
0 1 1 0 1 0 0 0 0 0 0 0 0
1 0 1 0 0 1 0 0 0 0 0 0 0
1 1 0 0 0 0 0 0 0 1 0 0 0
0 0 0 0 0 0 1 0 0 0 0 1 0
1 0 0 0 0 1 0 0 0 0 0 0 0
0 1 0 0 1 0 0 0 0 0 0 0 0
0 0 0 1 0 0 0 0 0 0 1 1 0
0 0 0 0 0 0 0 0 1 0 1 1 0
0 0 0 0 0 0 0 1 0 0 1 1 0
0 0 1 0 0 0 0 0 0 0 0 0 0
0 0 0 0 0 0 1 1 1 0 0 0 0
0 0 0 1 0 0 1 1 1 0 0 0 0
0 0 0 0 0 0 0 0 0 0 0 0 0

12
0: [0, 2]: 6 3
1: [0, 3]: 9 1
2: [0, 4]: 7 2
3: [0]: 1 4
4: [1, 2]: 7 1
5: [1, 3]: 7 0
6: [1]: 5 1
7: [2]: 3 1
8: [3]: 4 1
9: [4]: 2 3
10: [5]: 2 0
11: []: 11 0
0 1 1 0 1 0 0 0 0 0 0 0
1 0 1 0 0 1 0 0 0 0 0 0
1 1 0 0 0 0 0 0 0 0 0 0
0 0 0 0 0 0 1 0 0 0 1 0
1 0 0 0 0 1 0 0 0 0 0 0
0 1 0 0 1 0 0 0 0 0 0 0
0 0 0 1 0 0 0 0 0 1 1 0
0 0 0 0 0 0 0 0 1 1 1 0
0 0 0 0 0 0 0 1 0 1 1 0
0 0 0 0 0 0 1 1 1 0 1 0
0 0 0 1 0 0 1 1 1 1 0 0
0 0 0 0 0 0 0 0 0 0 0 0

17
0: [0, 2]: 2 6
1: [0, 3, 5]: 15 0
2: [0, 3]: 8 1
3: [0, 5]: 4 3
4: [0]: 9 4
5: [1, 2, 4]: 17 0
6: [1, 2]: 3 2
7: [1, 3]: 3 0
8: [1, 4]: 7 1
9: [1]: 13 1
10: [2, 4]: 3 3
11: [2]: 11 1
12: [3, 5]: 4 1
13: [3]: 10 2
14: [4]: 12 1
15: [5]: 10 0
16: []: 18 0
0 0 1 1 0 0 1 0 0 0 1 0 0 0 0 0 0
0 0 0 0 0 0 0 0 0 0 0 0 0 0 0 0 0
1 0 0 0 0 0 0 1 0 0 0 0 0 0 0 0 0
1 0 0 0 0 0 0 0 0 0 0 0 0 0 0 0 0
0 0 0 0 0 0 0 0 0 1 0 0 0 0 1 0 0
0 0 0 0 0 0 0 0 0 0 0 0 0 0 0 0 0
1 0 0 0 0 0 0 1 0 0 0 0 0 0 0 0 0
0 0 1 0 0 0 1 0 1 0 0 0 1 0 0 0 0
0 0 0 0 0 0 0 1 0 0 0 0 0 0 0 0 0
0 0 0 0 1 0 0 0 0 0 0 0 0 0 0 1 0
1 0 0 0 0 0 0 0 0 0 0 0 0 0 0 0 0
0 0 0 0 0 0 0 0 0 0 0 0 0 1 0 1 0
0 0 0 0 0 0 0 1 0 0 0 0 0 0 0 0 0
0 0 0 0 0 0 0 0 0 0 0 1 0 0 1 0 0
0 0 0 0 1 0 0 0 0 0 0 0 0 1 0 1 0
0 0 0 0 0 0 0 0 0 1 0 1 0 0 1 0 0
0 0 0 0 0 0 0 0 0 0 0 0 0 0 0 0 0

13
0: [0, 2]: 7 4
1: [0, 3]: 11 1
2: [0, 5]: 9 2
3: [0]: 1 4
4: [1, 2]: 8 1
5: [1, 3]: 8 0
6: [1, 4]: 9 1
7: [1]: 5 1
8: [2]: 3 1
9: [3]: 2 2
10: [4]: 4 1
11: [5]: 2 0
12: []: 12 0
0 1 1 0 1 0 0 0 0 0 0 0 0
1 0 1 0 0 1 0 0 0 0 0 0 0
1 1 0 0 0 0 0 0 0 0 0 0 0
0 0 0 0 0 0 0 1 0 0 1 0 0
1 0 0 0 0 1 1 0 0 0 0 0 0
0 1 0 0 1 0 1 0 0 0 0 0 0
0 0 0 0 1 1 0 0 0 0 0 0 0
0 0 0 1 0 0 0 0 0 0 0 1 0
0 0 0 0 0 0 0 0 0 1 1 1 0
0 0 0 0 0 0 0 0 1 0 1 1 0
0 0 0 1 0 0 0 0 1 1 0 1 0
0 0 0 0 0 0 0 1 1 1 1 0 0
0 0 0 0 0 0 0 0 0 0 0 0 0

15
0: [0, 2]: 2 6
1: [0, 3]: 8 1
2: [0, 5]: 3 0
3: [0]: 9 4
4: [1, 2]: 3 3
5: [1, 3]: 4 2
6: [1, 5]: 3 1
7: [1]: 13 1
8: [2, 4]: 3 4
9: [2]: 11 1
10: [3, 4]: 5 3
11: [3]: 12 1
12: [4]: 10 0
13: [5]: 10 2
14: []: 15 0
0 1 1 0 1 0 0 0 1 0 0 0 0 0 0
1 0 1 0 0 1 0 0 0 0 1 0 0 0 0
1 1 0 0 0 0 1 0 0 0 0 0 0 0 0
0 0 0 0 0 0 0 1 0 0 0 0 1 0 0
1 0 0 0 0 1 1 0 1 0 0 0 0 0 0
0 1 0 0 1 0 1 0 0 0 1 0 0 0 0
0 0 1 0 1 1 0 0 0 0 0 0 0 0 0
0 0 0 1 0 0 0 0 0 0 0 0 1 0 0
1 0 0 0 1 0 0 0 0 0 1 0 0 0 0
0 0 0 0 0 0 0 0 0 0 0 1 0 1 0
0 1 0 0 0 1 0 0 1 0 0 0 0 0 0
0 0 0 0 0 0 0 0 0 1 0 0 0 1 0
0 0 0 1 0 0 0 1 0 0 0 0 0 1 0
0 0 0 0 0 0 0 0 0 1 0 1 1 0 0
0 0 0 0 0 0 0 0 0 0 0 0 0 0 0

12
0: [0, 2]: 6 2
1: [0, 3]: 8 1
2: [0]: 1 4
3: [1, 2]: 7 1
4: [1, 3]: 7 0
5: [1]: 5 1
6: [2]: 2 2
7: [3]: 3 1
8: [4, 5]: 9 0
9: [4]: 3 2
10: [5]: 2 0
11: []: 10 0
0 1 0 1 0 0 0 0 0 0 0 0
1 0 0 0 1 0 0 0 0 0 0 0
0 0 0 0 0 1 0 0 0 1 1 0
1 0 0 0 1 0 0 0 0 0 0 0
0 1 0 1 0 0 0 0 0 0 0 0
0 0 1 0 0 0 0 0 0 1 1 0
0 0 0 0 0 0 0 1 0 1 1 0
0 0 0 0 0 0 1 0 0 1 1 0
0 0 0 0 0 0 0 0 0 0 0 0
0 0 1 0 0 1 1 1 0 0 0 0
0 0 1 0 0 1 1 1 0 0 0 0
0 0 0 0 0 0 0 0 0 0 0 0

11
0: [0, 2]: 6 2
1: [0, 3]: 8 1
2: [0]: 1 4
3: [1, 2]: 7 1
4: [1, 3]: 7 0
5: [1]: 5 1
6: [2]: 3 1
7: [3]: 4 1
8: [4]: 2 3
9: [5]: 2 0
10: []: 9 0
0 1 0 1 0 0 0 0 0 0 0
1 0 0 0 1 0 0 0 0 0 0
0 0 0 0 0 1 0 0 1 1 0
1 0 0 0 1 0 0 0 0 0 0
0 1 0 1 0 0 0 0 0 0 0
0 0 1 0 0 0 0 0 1 1 0
0 0 0 0 0 0 0 1 1 1 0
0 0 0 0 0 0 1 0 1 1 0
0 0 1 0 0 1 1 1 0 1 0
0 0 1 0 0 1 1 1 1 0 0
0 0 0 0 0 0 0 0 0 0 0

11
0: [0, 2]: 6 2
1: [0, 4]: 8 1
2: [0]: 1 4
3: [1, 2]: 7 1
4: [1, 3]: 7 0
5: [1]: 5 1
6: [2]: 3 1
7: [3]: 2 2
8: [4]: 2 0
9: [5]: 4 1
10: []: 9 0
0 1 0 1 0 0 0 0 0 0 0
1 0 0 0 0 0 0 0 0 0 0
0 0 0 0 0 1 0 1 0 1 0
1 0 0 0 1 0 0 0 0 0 0
0 0 0 1 0 0 0 0 0 0 0
0 0 1 0 0 0 0 0 1 1 0
0 0 0 0 0 0 0 1 1 1 0
0 0 1 0 0 0 1 0 1 1 0
0 0 0 0 0 1 1 1 0 1 0
0 0 1 0 0 1 1 1 1 0 0
0 0 0 0 0 0 0 0 0 0 0

15
0: [0, 2, 3]: 12 0
1: [0, 2]: 7 4
2: [0, 3]: 11 1
3: [0, 4]: 10 1
4: [0, 5]: 8 0
5: [0]: 1 4
6: [1, 4]: 9 1
7: [1, 5]: 8 2
8: [1]: 5 1
9: [2, 3]: 14 0
10: [2]: 2 3
11: [3]: 2 0
12: [4]: 4 1
13: [5]: 3 1
14: []: 16 0
0 0 0 0 0 0 0 0 0 0 0 0 0 0 0
0 0 0 1 1 0 0 0 0 0 0 0 0 0 0
0 0 0 1 1 0 0 0 0 0 0 0 0 0 0
0 1 1 0 1 0 1 0 0 0 0 0 0 0 0
0 1 1 1 0 0 0 1 0 0 0 0 0 0 0
0 0 0 0 0 0 0 0 1 0 0 0 0 0 0
0 0 0 1 0 0 0 1 0 0 0 0 0 0 0
0 0 0 0 1 0 1 0 0 0 0 0 0 0 0
0 0 0 0 0 1 0 0 0 0 1 1 0 0 0
0 0 0 0 0 0 0 0 0 0 0 0 0 0 0
0 0 0 0 0 0 0 0 1 0 0 0 1 1 0
0 0 0 0 0 0 0 0 1 0 0 0 1 1 0
0 0 0 0 0 0 0 0 0 0 1 1 0 1 0
0 0 0 0 0 0 0 0 0 0 1 1 1 0 0
0 0 0 0 0 0 0 0 0 0 0 0 0 0 0

16
0: [0, 3]: 2 6
1: [0, 4]: 8 1
2: [0, 5]: 3 0
3: [0]: 9 4
4: [1, 2, 3]: 15 0
5: [1, 2]: 5 1
6: [1, 3]: 3 2
7: [1, 5]: 3 1
8: [1]: 13 1
9: [2, 3]: 5 2
10: [2, 4]: 6 2
11: [2]: 10 1
12: [3]: 12 1
13: [4]: 10 0
14: [5]: 11 1
15: []: 17 0
0 1 1 0 0 0 1 0 0 1 0 0 0 0 0 0
1 0 1 0 0 0 0 0 0 0 1 0 0 0 0 0
1 1 0 0 0 0 0 1 0 0 0 0 0 0 0 0
0 0 0 0 0 0 0 0 1 0 0 1 0 0 0 0
0 0 0 0 0 0 0 0 0 0 0 0 0 0 0 0
0 0 0 0 0 0 0 1 0 0 1 0 0 0 0 0
1 0 0 0 0 0 0 1 0 0 0 0 0 0 0 0
0 0 1 0 0 1 1 0 0 0 0 0 0 0 0 0
0 0 0 1 0 0 0 0 0 0 0 0 0 1 0 0
1 0 0 0 0 0 0 0 0 0 1 0 0 0 0 0
0 1 0 0 0 1 0 0 0 1 0 0 0 0 0 0
0 0 0 1 0 0 0 0 0 0 0 0 0 0 1 0
0 0 0 0 0 0 0 0 0 0 0 0 0 1 1 0
0 0 0 0 0 0 0 0 1 0 0 0 1 0 1 0
0 0 0 0 0 0 0 0 0 0 0 1 1 1 0 0
0 0 0 0 0 0 0 0 0 0 0 0 0 0 0 0

18
0: [0, 3, 4]: 16 0
1: [0, 3]: 2 7
2: [0, 4]: 8 1
3: [0, 5]: 9 1
4: [0]: 10 4
5: [1, 2, 5]: 18 0
6: [1, 2]: 5 1
7: [1, 4]: 5 2
8: [1, 5]: 5 4
9: [1]: 14 1
10: [2, 3]: 3 1
11: [2, 5]: 3 0
12: [2]: 11 2
13: [3, 4]: 3 5
14: [3]: 11 0
15: [4]: 11 1
16: [5]: 13 1
17: []: 19 0
0 0 0 0 0 0 0 0 0 0 0 0 0 0 0 0 0 0
0 0 0 1 0 0 0 0 0 0 1 0 0 0 0 0 0 0
0 0 0 1 0 0 0 1 0 0 0 0 0 0 0 0 0 0
0 1 1 0 0 0 0 0 1 0 0 1 0 0 0 0 0 0
0 0 0 0 0 0 0 0 0 1 0 0 1 0 0 0 0 0
0 0 0 0 0 0 0 0 0 0 0 0 0 0 0 0 0 0
0 0 0 0 0 0 0 1 0 0 1 0 0 0 0 0 0 0
0 0 1 0 0 0 1 0 1 0 0 0 0 1 0 0 0 0
0 0 0 1 0 0 0 1 0 0 0 0 0 0 0 0 0 0
0 0 0 0 1 0 0 0 0 0 0 0 0 0 1 0 0 0
0 1 0 0 0 0 1 0 0 0 0 1 0 1 0 0 0 0
0 0 0 1 0 0 0 0 0 0 1 0 0 0 0 0 0 0
0 0 0 0 1 0 0 0 0 0 0 0 0 0 0 1 0 0
0 0 0 0 0 0 0 1 0 0 1 0 0 0 0 0 0 0
0 0 0 0 0 0 0 0 0 1 0 0 0 0 0 0 1 0
0 0 0 0 0 0 0 0 0 0 0 0 1 0 0 0 1 0
0 0 0 0 0 0 0 0 0 0 0 0 0 0 1 1 0 0
0 0 0 0 0 0 0 0 0 0 0 0 0 0 0 0 0 0

14
0: [0, 3]: 1 5
1: [0, 4]: 6 1
2: [0, 5]: 2 0
3: [0]: 8 4
4: [1, 2]: 3 3
5: [1, 4]: 4 2
6: [1, 5]: 2 1
7: [1]: 12 1
8: [2, 3]: 2 3
9: [2]: 9 2
10: [3]: 9 0
11: [4]: 10 1
12: [5]: 11 1
13: []: 14 0
0 1 1 0 0 0 0 0 1 0 0 0 0 0
1 0 1 0 0 1 0 0 0 0 0 0 0 0
1 1 0 0 0 0 1 0 0 0 0 0 0 0
0 0 0 0 0 0 0 1 0 1 0 0 0 0
0 0 0 0 0 1 1 0 1 0 0 0 0 0
0 1 0 0 1 0 1 0 0 0 0 0 0 0
0 0 1 0 1 1 0 0 0 0 0 0 0 0
0 0 0 1 0 0 0 0 0 0 1 0 0 0
1 0 0 0 1 0 0 0 0 0 0 0 0 0
0 0 0 1 0 0 0 0 0 0 0 1 1 0
0 0 0 0 0 0 0 1 0 0 0 1 1 0
0 0 0 0 0 0 0 0 0 1 1 0 1 0
0 0 0 0 0 0 0 0 0 1 1 1 0 0
0 0 0 0 0 0 0 0 0 0 0 0 0 0

13
0: [0, 3]: 7 4
1: [0, 4]: 11 1
2: [0, 5]: 8 0
3: [0]: 1 4
4: [1, 2]: 9 2
5: [1, 4]: 8 1
6: [1]: 5 1
7: [2, 3]: 8 2
8: [2]: 2 2
9: [3]: 2 0
10: [4]: 3 1
11: [5]: 4 1
12: []: 12 0
0 1 1 0 0 0 0 1 0 0 0 0 0
1 0 1 0 0 1 0 0 0 0 0 0 0
1 1 0 0 0 0 0 0 0 0 0 0 0
0 0 0 0 0 0 1 0 1 0 0 0 0
0 0 0 0 0 1 0 1 0 0 0 0 0
0 1 0 0 1 0 0 0 0 0 0 0 0
0 0 0 1 0 0 0 0 0 1 0 1 0
1 0 0 0 1 0 0 0 0 0 0 0 0
0 0 0 1 0 0 0 0 0 0 1 1 0
0 0 0 0 0 0 1 0 0 0 1 1 0
0 0 0 0 0 0 0 0 1 1 0 1 0
0 0 0 0 0 0 1 0 1 1 1 0 0
0 0 0 0 0 0 0 0 0 0 0 0 0

12
0: [0, 3]: 6 3
1: [0, 4]: 9 1
2: [0]: 1 4
3: [1, 2]: 8 1
4: [1, 4]: 7 0
5: [1]: 5 1
6: [2, 3]: 7 1
7: [2]: 2 2
8: [3]: 2 0
9: [4]: 3 1
10: [5]: 4 1
11: []: 11 0
0 1 0 0 0 0 1 0 0 0 0 0
1 0 0 0 1 0 0 0 0 0 0 0
0 0 0 0 0 1 0 1 0 0 1 0
0 0 0 0 1 0 1 0 0 0 0 0
0 1 0 1 0 0 0 0 0 0 0 0
0 0 1 0 0 0 0 0 1 0 1 0
1 0 0 1 0 0 0 0 0 0 0 0
0 0 1 0 0 0 0 0 0 1 1 0
0 0 0 0 0 1 0 0 0 1 1 0
0 0 0 0 0 0 0 1 1 0 1 0
0 0 1 0 0 1 0 1 1 1 0 0
0 0 0 0 0 0 0 0 0 0 0 0

12
0: [0, 3]: 6 3
1: [0, 5]: 9 1
2: [0]: 1 4
3: [1, 2]: 7 1
4: [1, 4]: 7 0
5: [1]: 5 1
6: [2, 3]: 8 1
7: [2]: 2 2
8: [3]: 2 0
9: [4]: 2 1
10: [5]: 4 1
11: []: 11 0
0 1 0 0 0 0 1 0 0 0 0 0
1 0 0 0 0 0 0 0 0 0 0 0
0 0 0 0 0 1 0 1 0 1 0 0
0 0 0 0 1 0 1 0 0 0 0 0
0 0 0 1 0 0 0 0 0 0 0 0
0 0 1 0 0 0 0 0 1 0 1 0
1 0 0 1 0 0 0 0 0 0 0 0
0 0 1 0 0 0 0 0 0 1 1 0
0 0 0 0 0 1 0 0 0 1 1 0
0 0 1 0 0 0 0 1 1 0 1 0
0 0 0 0 0 1 0 1 1 1 0 0
0 0 0 0 0 0 0 0 0 0 0 0

13
0: [0, 4]: 7 4
1: [0, 5]: 11 1
2: [0]: 1 4
3: [1, 3]: 10 1
4: [1, 5]: 8 0
5: [1]: 5 1
6: [2, 3]: 8 1
7: [2, 4]: 8 2
8: [2]: 3 2
9: [3]: 2 1
10: [4]: 2 0
11: [5]: 3 1
12: []: 12 0
0 1 0 0 0 0 0 1 0 0 0 0 0
1 0 0 0 1 0 0 0 0 0 0 0 0
0 0 0 0 0 1 0 0 1 1 0 0 0
0 0 0 0 1 0 1 0 0 0 0 0 0
0 1 0 1 0 0 0 0 0 0 0 0 0
0 0 1 0 0 0 0 0 1 0 1 0 0
0 0 0 1 0 0 0 1 0 0 0 0 0
1 0 0 0 0 0 1 0 0 0 0 0 0
0 0 1 0 0 1 0 0 0 0 0 1 0
0 0 1 0 0 0 0 0 0 0 1 1 0
0 0 0 0 0 1 0 0 0 1 0 1 0
0 0 0 0 0 0 0 0 1 1 1 0 0
0 0 0 0 0 0 0 0 0 0 0 0 0

10
0: [0, 5]: 7 0
1: [0]: 1 4
2: [1, 4]: 8 0
3: [1]: 5 1
4: [2, 3]: 10 0
5: [2]: 2 0
6: [3]: 2 3
7: [4]: 2 1
8: [5]: 4 1
9: []: 12 0
0 0 0 0 0 0 0 0 0 0
0 0 0 1 0 1 1 1 0 0
0 0 0 0 0 0 0 0 0 0
0 1 0 0 0 1 1 0 1 0
0 0 0 0 0 0 0 0 0 0
0 1 0 1 0 0 0 1 1 0
0 1 0 1 0 0 0 1 1 0
0 1 0 0 0 1 1 0 1 0
0 0 0 1 0 1 1 1 0 0
0 0 0 0 0 0 0 0 0 0

