35

20
0: [0, 2, 8]
1: [0, 3, 7]
2: [0, 3, 8]
3: [0, 4, 7]
4: [0, 4, 8]
5: [1, 3, 7]
6: [1, 3, 8]
7: [1, 4, 8]
8: [1, 5, 7]
9: [1, 5, 8]
10: [1, 6, 8]
11: [2, 5, 7]
12: [2, 5, 8]
13: [2, 6, 8]
14: [3, 5, 7]
15: [3, 5, 8]
16: [3, 6, 8]
17: [4, 5, 7]
18: [4, 5, 8]
19: [4, 6, 8]
0 0 1 0 0 0 0 0 0 0 0 0 1 0 0 0 0 0 0 0
0 0 1 0 0 1 0 0 0 0 0 0 0 0 0 0 0 0 0 0
1 1 0 0 0 0 0 0 0 0 0 0 0 0 0 0 0 0 0 0
0 0 0 0 1 0 0 0 0 0 0 0 0 0 0 0 0 1 0 0
0 0 0 1 0 0 0 1 0 0 0 0 0 0 0 0 0 0 1 0
0 1 0 0 0 0 1 0 0 0 0 0 0 0 0 0 0 0 0 0
0 0 0 0 0 1 0 1 0 0 0 0 0 0 0 0 0 0 0 0
0 0 0 0 1 0 1 0 0 0 0 0 0 0 0 0 0 0 0 0
0 0 0 0 0 0 0 0 0 1 0 1 0 0 0 0 0 0 0 0
0 0 0 0 0 0 0 0 1 0 1 0 0 0 0 0 0 0 0 0
0 0 0 0 0 0 0 0 0 1 0 0 0 1 0 0 0 0 0 0
0 0 0 0 0 0 0 0 1 0 0 0 1 0 1 0 0 0 0 0
1 0 0 0 0 0 0 0 0 0 0 1 0 0 0 1 0 0 0 0
0 0 0 0 0 0 0 0 0 0 1 0 0 0 0 0 1 0 0 0
0 0 0 0 0 0 0 0 0 0 0 1 0 0 0 1 0 1 0 0
0 0 0 0 0 0 0 0 0 0 0 0 1 0 1 0 0 0 1 0
0 0 0 0 0 0 0 0 0 0 0 0 0 1 0 0 0 0 0 1
0 0 0 1 0 0 0 0 0 0 0 0 0 0 1 0 0 0 0 0
0 0 0 0 1 0 0 0 0 0 0 0 0 0 0 1 0 0 0 1
0 0 0 0 0 0 0 0 0 0 0 0 0 0 0 0 1 0 1 0

15
0: [0, 2, 6]
1: [0, 2, 7]
2: [0, 2, 8]
3: [0, 3, 6]
4: [0, 3, 7]
5: [0, 3, 8]
6: [0, 4, 6]
7: [0, 4, 8]
8: [1, 3, 6]
9: [1, 3, 7]
10: [1, 3, 8]
11: [1, 4, 8]
12: [2, 5, 8]
13: [3, 5, 8]
14: [4, 5, 8]
0 1 1 1 0 0 0 0 0 0 0 0 0 0 0
1 0 0 0 1 0 0 0 0 0 0 0 0 0 0
1 0 0 0 0 1 0 0 0 0 0 0 1 0 0
1 0 0 0 0 1 1 0 0 0 0 0 0 0 0
0 1 0 0 0 0 0 0 0 1 0 0 0 0 0
0 0 1 1 0 0 0 0 0 0 1 0 0 0 0
0 0 0 1 0 0 0 1 0 0 0 0 0 0 0
0 0 0 0 0 0 1 0 0 0 0 1 0 0 1
0 0 0 0 0 0 0 0 0 1 1 0 0 0 0
0 0 0 0 1 0 0 0 1 0 0 0 0 0 0
0 0 0 0 0 1 0 0 1 0 0 1 0 0 0
0 0 0 0 0 0 0 1 0 0 1 0 0 0 0
0 0 1 0 0 0 0 0 0 0 0 0 0 1 0
0 0 0 0 0 0 0 0 0 0 0 0 1 0 1
0 0 0 0 0 0 0 1 0 0 0 0 0 1 0

20
0: [0, 2]
1: [0, 3]
2: [0, 4]
3: [0, 6]
4: [0, 7]
5: [1, 5]
6: [1, 6]
7: [1, 7]
8: [1, 8]
9: [2, 5]
10: [2, 7]
11: [2, 8]
12: [3, 5]
13: [3, 6]
14: [3, 7]
15: [3, 8]
16: [4, 5]
17: [4, 6]
18: [4, 7]
19: [4, 8]
0 1 0 0 0 0 0 0 0 1 0 0 0 0 0 0 0 0 0 0
1 0 1 0 0 0 0 0 0 0 0 0 0 0 0 0 0 0 0 0
0 1 0 0 0 0 0 0 0 0 0 0 0 0 0 0 1 0 0 0
0 0 0 0 1 0 1 0 0 0 0 0 0 0 0 0 0 0 0 0
0 0 0 1 0 0 0 1 0 0 0 0 0 0 0 0 0 0 0 0
0 0 0 0 0 0 1 0 1 0 0 0 0 0 0 0 0 0 0 0
0 0 0 1 0 1 0 0 0 0 0 0 0 0 0 0 0 0 0 0
0 0 0 0 1 0 0 0 0 0 1 0 0 0 0 0 0 0 0 0
0 0 0 0 0 1 0 0 0 0 0 1 0 0 0 0 0 0 0 0
1 0 0 0 0 0 0 0 0 0 0 1 1 0 0 0 0 0 0 0
0 0 0 0 0 0 0 1 0 0 0 0 0 0 1 0 0 0 0 0
0 0 0 0 0 0 0 0 1 1 0 0 0 0 0 1 0 0 0 0
0 0 0 0 0 0 0 0 0 1 0 0 0 1 0 1 0 0 0 0
0 0 0 0 0 0 0 0 0 0 0 0 1 0 0 0 0 1 0 0
0 0 0 0 0 0 0 0 0 0 1 0 0 0 0 0 0 0 1 0
0 0 0 0 0 0 0 0 0 0 0 1 1 0 0 0 0 0 0 1
0 0 1 0 0 0 0 0 0 0 0 0 0 0 0 0 0 1 0 1
0 0 0 0 0 0 0 0 0 0 0 0 0 1 0 0 1 0 1 0
0 0 0 0 0 0 0 0 0 0 0 0 0 0 1 0 0 1 0 0
0 0 0 0 0 0 0 0 0 0 0 0 0 0 0 1 1 0 0 0

25
0: [0, 2, 6]
1: [0, 2, 7]
2: [0, 3, 6]
3: [0, 3, 7]
4: [0, 4, 6]
5: [0, 4, 7]
6: [1, 3, 5]
7: [1, 3, 6]
8: [1, 3, 7]
9: [1, 4, 5]
10: [1, 4, 6]
11: [1, 4, 7]
12: [2, 4, 5]
13: [2, 4, 6]
14: [2, 5, 7]
15: [2, 6, 8]
16: [2, 7, 8]
17: [3, 5, 7]
18: [3, 5, 8]
19: [3, 6, 8]
20: [3, 7, 8]
21: [4, 5, 7]
22: [4, 5, 8]
23: [4, 6, 8]
24: [4, 7, 8]
0 0 1 0 0 0 0 0 0 0 0 0 0 0 0 1 0 0 0 0 0 0 0 0 0
0 0 0 0 0 0 0 0 0 0 0 0 0 0 1 0 1 0 0 0 0 0 0 0 0
1 0 0 0 1 0 0 0 0 0 0 0 0 0 0 0 0 0 0 0 0 0 0 0 0
0 0 0 0 0 0 0 0 1 0 0 0 0 0 0 0 0 1 0 0 1 0 0 0 0
0 0 1 0 0 0 0 0 0 0 1 0 0 0 0 0 0 0 0 0 0 0 0 0 0
0 0 0 0 0 0 0 0 0 0 0 1 0 0 0 0 0 0 0 0 0 1 0 0 1
0 0 0 0 0 0 0 1 0 1 0 0 0 0 0 0 0 0 0 0 0 0 0 0 0
0 0 0 0 0 0 1 0 1 0 0 0 0 0 0 0 0 0 0 0 0 0 0 0 0
0 0 0 1 0 0 0 1 0 0 0 1 0 0 0 0 0 0 0 0 0 0 0 0 0
0 0 0 0 0 0 1 0 0 0 0 0 1 0 0 0 0 0 0 0 0 0 0 0 0
0 0 0 0 1 0 0 0 0 0 0 0 0 1 0 0 0 0 0 0 0 0 0 0 0
0 0 0 0 0 1 0 0 1 0 0 0 0 0 0 0 0 0 0 0 0 0 0 0 0
0 0 0 0 0 0 0 0 0 1 0 0 0 1 0 0 0 0 0 0 0 0 0 0 0
0 0 0 0 0 0 0 0 0 0 1 0 1 0 0 0 0 0 0 0 0 0 0 0 0
0 1 0 0 0 0 0 0 0 0 0 0 0 0 0 0 0 1 0 0 0 0 0 0 0
1 0 0 0 0 0 0 0 0 0 0 0 0 0 0 0 1 0 0 0 0 0 0 0 0
0 1 0 0 0 0 0 0 0 0 0 0 0 0 0 1 0 0 0 0 1 0 0 0 0
0 0 0 1 0 0 0 0 0 0 0 0 0 0 1 0 0 0 0 0 0 1 0 0 0
0 0 0 0 0 0 0 0 0 0 0 0 0 0 0 0 0 0 0 1 0 0 1 0 0
0 0 0 0 0 0 0 0 0 0 0 0 0 0 0 0 0 0 1 0 1 0 0 0 0
0 0 0 1 0 0 0 0 0 0 0 0 0 0 0 0 1 0 0 1 0 0 0 0 0
0 0 0 0 0 1 0 0 0 0 0 0 0 0 0 0 0 1 0 0 0 0 0 0 0
0 0 0 0 0 0 0 0 0 0 0 0 0 0 0 0 0 0 1 0 0 0 0 1 0
0 0 0 0 0 0 0 0 0 0 0 0 0 0 0 0 0 0 0 0 0 0 1 0 1
0 0 0 0 0 1 0 0 0 0 0 0 0 0 0 0 0 0 0 0 0 0 0 1 0

12
0: [0, 2, 7]
1: [0, 2, 8]
2: [0, 3, 7]
3: [0, 3, 8]
4: [0, 4, 7]
5: [0, 4, 8]
6: [0, 5, 7]
7: [0, 5, 8]
8: [2, 6, 8]
9: [3, 6, 8]
10: [4, 6, 8]
11: [5, 6, 8]
0 0 1 0 1 0 1 0 0 0 0 0
0 0 0 1 0 1 0 1 0 0 0 0
1 0 0 1 0 0 0 0 0 0 0 0
0 1 1 0 0 0 0 0 0 1 0 0
1 0 0 0 0 1 0 0 0 0 0 0
0 1 0 0 1 0 0 0 0 0 1 0
1 0 0 0 0 0 0 1 0 0 0 0
0 1 0 0 0 0 1 0 0 0 0 1
0 0 0 0 0 0 0 0 0 1 1 1
0 0 0 1 0 0 0 0 1 0 0 0
0 0 0 0 0 1 0 0 1 0 0 0
0 0 0 0 0 0 0 1 1 0 0 0

22
0: [0, 3]
1: [0, 4]
2: [1, 3]
3: [1, 4]
4: [1, 6]
5: [1, 7]
6: [1, 8]
7: [2, 5]
8: [2, 6]
9: [2, 7]
10: [2, 8]
11: [3, 5]
12: [3, 6]
13: [3, 7]
14: [3, 8]
15: [4, 5]
16: [4, 6]
17: [4, 7]
18: [4, 8]
19: [5, 6]
20: [5, 7]
21: [5, 8]
0 0 1 0 0 0 0 0 0 0 0 0 1 0 0 0 0 0 0 0 0 0
0 0 0 1 0 0 0 0 0 0 0 0 0 0 0 0 1 0 0 0 0 0
1 0 0 0 0 0 0 0 0 0 0 1 0 0 0 0 0 0 0 0 0 0
0 1 0 0 0 0 0 0 0 0 0 0 0 0 0 1 0 0 0 0 0 0
0 0 0 0 0 1 0 0 1 0 0 0 0 0 0 0 0 0 0 1 0 0
0 0 0 0 1 0 0 0 0 1 0 0 0 0 0 0 0 0 0 0 0 0
0 0 0 0 0 0 0 0 0 0 1 0 0 0 0 0 0 0 0 0 0 1
0 0 0 0 0 0 0 0 0 0 0 1 0 0 0 1 0 0 0 0 0 0
0 0 0 0 1 0 0 0 0 0 0 0 1 0 0 0 0 0 0 0 0 0
0 0 0 0 0 1 0 0 0 0 0 0 0 1 0 0 0 1 0 0 0 0
0 0 0 0 0 0 1 0 0 0 0 0 0 0 1 0 0 0 1 0 0 0
0 0 1 0 0 0 0 1 0 0 0 0 0 0 0 0 0 0 0 0 0 0
1 0 0 0 0 0 0 0 1 0 0 0 0 1 0 0 0 0 0 0 0 0
0 0 0 0 0 0 0 0 0 1 0 0 1 0 1 0 0 0 0 0 0 0
0 0 0 0 0 0 0 0 0 0 1 0 0 1 0 0 0 0 0 0 0 0
0 0 0 1 0 0 0 1 0 0 0 0 0 0 0 0 0 0 0 0 0 0
0 1 0 0 0 0 0 0 0 0 0 0 0 0 0 0 0 1 0 0 0 0
0 0 0 0 0 0 0 0 0 1 0 0 0 0 0 0 1 0 1 0 0 0
0 0 0 0 0 0 0 0 0 0 1 0 0 0 0 0 0 1 0 0 0 0
0 0 0 0 1 0 0 0 0 0 0 0 0 0 0 0 0 0 0 0 1 0
0 0 0 0 0 0 0 0 0 0 0 0 0 0 0 0 0 0 0 1 0 1
0 0 0 0 0 0 1 0 0 0 0 0 0 0 0 0 0 0 0 0 1 0

16
0: [0, 6]
1: [0, 7]
2: [1, 5]
3: [1, 6]
4: [1, 7]
5: [1, 8]
6: [2, 5]
7: [2, 6]
8: [2, 7]
9: [2, 8]
10: [3, 6]
11: [3, 7]
12: [3, 8]
13: [4, 6]
14: [4, 7]
15: [4, 8]
0 1 0 1 0 0 0 0 0 0 0 0 0 0 0 0
1 0 0 0 1 0 0 0 0 0 0 0 0 0 0 0
0 0 0 1 0 0 1 0 0 0 0 0 0 0 0 0
1 0 1 0 0 1 0 0 0 0 0 0 0 0 0 0
0 1 0 0 0 0 0 0 1 0 0 0 0 0 0 0
0 0 0 1 0 0 0 0 0 1 0 0 0 0 0 0
0 0 1 0 0 0 0 1 0 0 0 0 0 0 0 0
0 0 0 0 0 0 1 0 0 0 1 0 0 1 0 0
0 0 0 0 1 0 0 0 0 0 0 1 0 0 1 0
0 0 0 0 0 1 0 0 0 0 0 0 1 0 0 1
0 0 0 0 0 0 0 1 0 0 0 1 1 0 0 0
0 0 0 0 0 0 0 0 1 0 1 0 0 0 0 0
0 0 0 0 0 0 0 0 0 1 1 0 0 0 0 0
0 0 0 0 0 0 0 1 0 0 0 0 0 0 1 1
0 0 0 0 0 0 0 0 1 0 0 0 0 1 0 0
0 0 0 0 0 0 0 0 0 1 0 0 0 1 0 0

27
0: [0, 2, 8]
1: [0, 3, 6]
2: [0, 3, 7]
3: [0, 3, 8]
4: [0, 4, 6]
5: [0, 4, 7]
6: [0, 4, 8]
7: [0, 6, 8]
8: [0, 7, 8]
9: [1, 3, 5]
10: [1, 3, 6]
11: [1, 3, 8]
12: [1, 4, 5]
13: [1, 4, 6]
14: [1, 4, 8]
15: [1, 5, 7]
16: [1, 6, 8]
17: [1, 7, 8]
18: [2, 5, 7]
19: [2, 6, 8]
20: [2, 7, 8]
21: [3, 5, 7]
22: [3, 6, 8]
23: [3, 7, 8]
24: [4, 5, 7]
25: [4, 6, 8]
26: [4, 7, 8]
0 0 0 1 0 0 1 0 0 0 0 0 0 0 0 0 0 0 0 0 0 0 0 0 0 0 0
0 0 1 0 0 0 0 0 0 0 1 0 0 0 0 0 0 0 0 0 0 0 0 0 0 0 0
0 1 0 0 0 0 0 0 0 0 0 0 0 0 0 0 0 0 0 0 0 1 0 0 0 0 0
1 0 0 0 0 0 0 0 0 0 0 1 0 0 0 0 0 0 0 0 0 0 0 0 0 0 0
0 0 0 0 0 1 0 0 0 0 0 0 0 1 0 0 0 0 0 0 0 0 0 0 0 0 0
0 0 0 0 1 0 0 0 0 0 0 0 0 0 0 0 0 0 0 0 0 0 0 0 1 0 0
1 0 0 0 0 0 0 0 0 0 0 0 0 0 1 0 0 0 0 0 0 0 0 0 0 0 0
0 0 0 0 0 0 0 0 1 0 0 0 0 0 0 0 1 0 0 0 0 0 0 0 0 0 0
0 0 0 0 0 0 0 1 0 0 0 0 0 0 0 0 0 1 0 0 0 0 0 0 0 0 0
0 0 0 0 0 0 0 0 0 0 1 1 0 0 0 0 0 0 0 0 0 0 0 0 0 0 0
0 1 0 0 0 0 0 0 0 1 0 0 0 0 0 0 0 0 0 0 0 0 0 0 0 0 0
0 0 0 1 0 0 0 0 0 1 0 0 0 0 0 0 0 0 0 0 0 0 0 0 0 0 0
0 0 0 0 0 0 0 0 0 0 0 0 0 1 1 0 0 0 0 0 0 0 0 0 0 0 0
0 0 0 0 1 0 0 0 0 0 0 0 1 0 0 0 0 0 0 0 0 0 0 0 0 0 0
0 0 0 0 0 0 1 0 0 0 0 0 1 0 0 0 0 0 0 0 0 0 0 0 0 0 0
0 0 0 0 0 0 0 0 0 0 0 0 0 0 0 0 0 1 1 0 0 0 0 0 0 0 0
0 0 0 0 0 0 0 1 0 0 0 0 0 0 0 0 0 0 0 1 0 0 0 0 0 0 0
0 0 0 0 0 0 0 0 1 0 0 0 0 0 0 1 0 0 0 0 1 0 0 0 0 0 0
0 0 0 0 0 0 0 0 0 0 0 0 0 0 0 1 0 0 0 0 0 0 0 0 1 0 0
0 0 0 0 0 0 0 0 0 0 0 0 0 0 0 0 1 0 0 0 0 0 1 0 0 1 0
0 0 0 0 0 0 0 0 0 0 0 0 0 0 0 0 0 1 0 0 0 0 0 1 0 0 1
0 0 1 0 0 0 0 0 0 0 0 0 0 0 0 0 0 0 0 0 0 0 0 1 0 0 0
0 0 0 0 0 0 0 0 0 0 0 0 0 0 0 0 0 0 0 1 0 0 0 1 0 0 0
0 0 0 0 0 0 0 0 0 0 0 0 0 0 0 0 0 0 0 0 1 1 1 0 0 0 0
0 0 0 0 0 1 0 0 0 0 0 0 0 0 0 0 0 0 1 0 0 0 0 0 0 0 1
0 0 0 0 0 0 0 0 0 0 0 0 0 0 0 0 0 0 0 1 0 0 0 0 0 0 1
0 0 0 0 0 0 0 0 0 0 0 0 0 0 0 0 0 0 0 0 1 0 0 0 1 1 0

17
0: [0, 2, 6]
1: [0, 2, 7]
2: [0, 3, 6]
3: [0, 3, 7]
4: [0, 4, 6]
5: [0, 4, 7]
6: [2, 5, 7]
7: [2, 5, 8]
8: [2, 6, 8]
9: [2, 7, 8]
10: [3, 5, 7]
11: [3, 5, 8]
12: [3, 6, 8]
13: [4, 5, 7]
14: [4, 5, 8]
15: [4, 6, 8]
16: [4, 7, 8]
0 1 0 0 1 0 0 0 0 0 0 0 0 0 0 0 0
1 0 0 0 0 0 0 0 0 1 0 0 0 0 0 0 0
0 0 0 1 0 0 0 0 0 0 0 0 1 0 0 0 0
0 0 1 0 0 0 0 0 0 0 1 0 0 0 0 0 0
1 0 0 0 0 1 0 0 0 0 0 0 0 0 0 1 0
0 0 0 0 1 0 0 0 0 0 0 0 0 1 0 0 1
0 0 0 0 0 0 0 0 0 0 1 0 0 1 0 0 0
0 0 0 0 0 0 0 0 0 0 0 1 0 0 1 0 0
0 0 0 0 0 0 0 0 0 1 0 0 1 0 0 0 0
0 1 0 0 0 0 0 0 1 0 0 0 0 0 0 0 1
0 0 0 1 0 0 1 0 0 0 0 0 0 0 0 0 0
0 0 0 0 0 0 0 1 0 0 0 0 1 0 0 0 0
0 0 1 0 0 0 0 0 1 0 0 1 0 0 0 0 0
0 0 0 0 0 1 1 0 0 0 0 0 0 0 0 0 0
0 0 0 0 0 0 0 1 0 0 0 0 0 0 0 1 0
0 0 0 0 1 0 0 0 0 0 0 0 0 0 1 0 1
0 0 0 0 0 1 0 0 0 1 0 0 0 0 0 1 0

15
0: [1, 5]
1: [1, 6]
2: [1, 7]
3: [1, 8]
4: [2, 5]
5: [2, 6]
6: [2, 7]
7: [2, 8]
8: [3, 5]
9: [3, 6]
10: [3, 7]
11: [3, 8]
12: [4, 5]
13: [4, 7]
14: [4, 8]
0 1 1 1 0 0 0 0 0 0 0 0 0 0 0
1 0 0 0 0 1 0 0 0 0 0 0 0 0 0
1 0 0 0 0 0 1 0 0 0 0 0 0 0 0
1 0 0 0 0 0 0 1 0 0 0 0 0 0 0
0 0 0 0 0 1 0 0 0 0 0 0 1 0 0
0 1 0 0 1 0 0 0 0 1 0 0 0 0 0
0 0 1 0 0 0 0 0 0 0 1 0 0 1 0
0 0 0 1 0 0 0 0 0 0 0 1 0 0 1
0 0 0 0 0 0 0 0 0 1 1 1 0 0 0
0 0 0 0 0 1 0 0 1 0 0 0 0 0 0
0 0 0 0 0 0 1 0 1 0 0 0 0 0 0
0 0 0 0 0 0 0 1 1 0 0 0 0 0 0
0 0 0 0 1 0 0 0 0 0 0 0 0 1 1
0 0 0 0 0 0 1 0 0 0 0 0 1 0 0
0 0 0 0 0 0 0 1 0 0 0 0 1 0 0

17
0: [0, 4, 6]
1: [0, 4, 7]
2: [1, 4, 5]
3: [1, 4, 6]
4: [1, 4, 7]
5: [1, 5, 8]
6: [1, 6, 8]
7: [1, 7, 8]
8: [2, 5, 8]
9: [2, 6, 8]
10: [2, 7, 8]
11: [3, 5, 8]
12: [3, 6, 8]
13: [3, 7, 8]
14: [4, 5, 8]
15: [4, 6, 8]
16: [4, 7, 8]
0 0 0 1 0 0 0 0 0 0 0 0 0 0 0 1 0
0 0 0 0 1 0 0 0 0 0 0 0 0 0 0 0 1
0 0 0 1 1 0 0 0 0 0 0 0 0 0 0 0 0
1 0 1 0 0 0 0 0 0 0 0 0 0 0 0 0 0
0 1 1 0 0 0 0 0 0 0 0 0 0 0 0 0 0
0 0 0 0 0 0 1 1 1 0 0 0 0 0 0 0 0
0 0 0 0 0 1 0 0 0 1 0 0 0 0 0 0 0
0 0 0 0 0 1 0 0 0 0 1 0 0 0 0 0 0
0 0 0 0 0 1 0 0 0 0 0 1 0 0 1 0 0
0 0 0 0 0 0 1 0 0 0 0 0 1 0 0 1 0
0 0 0 0 0 0 0 1 0 0 0 0 0 1 0 0 1
0 0 0 0 0 0 0 0 1 0 0 0 1 1 0 0 0
0 0 0 0 0 0 0 0 0 1 0 1 0 0 0 0 0
0 0 0 0 0 0 0 0 0 0 1 1 0 0 0 0 0
0 0 0 0 0 0 0 0 1 0 0 0 0 0 0 0 1
1 0 0 0 0 0 0 0 0 1 0 0 0 0 0 0 0
0 1 0 0 0 0 0 0 0 0 1 0 0 0 1 0 0

16
0: [1, 5, 7]
1: [1, 5, 8]
2: [1, 6, 7]
3: [1, 6, 8]
4: [2, 5, 7]
5: [2, 5, 8]
6: [2, 6, 7]
7: [2, 6, 8]
8: [3, 5, 7]
9: [3, 5, 8]
10: [3, 6, 7]
11: [3, 6, 8]
12: [4, 5, 7]
13: [4, 5, 8]
14: [4, 6, 7]
15: [4, 6, 8]
0 1 0 0 1 0 0 0 0 0 0 0 0 0 0 0
1 0 0 1 0 1 0 0 0 0 0 0 0 0 0 0
0 0 0 1 0 0 1 0 0 0 0 0 0 0 0 0
0 1 1 0 0 0 0 0 0 0 0 0 0 0 0 0
1 0 0 0 0 0 0 0 1 0 0 0 1 0 0 0
0 1 0 0 0 0 0 0 0 1 0 0 0 1 0 0
0 0 1 0 0 0 0 1 0 0 1 0 0 0 0 0
0 0 0 0 0 0 1 0 0 0 0 0 0 0 0 1
0 0 0 0 1 0 0 0 0 1 0 0 0 0 0 0
0 0 0 0 0 1 0 0 1 0 0 1 0 0 0 0
0 0 0 0 0 0 1 0 0 0 0 1 0 0 0 0
0 0 0 0 0 0 0 0 0 1 1 0 0 0 0 0
0 0 0 0 1 0 0 0 0 0 0 0 0 0 1 0
0 0 0 0 0 1 0 0 0 0 0 0 0 0 0 1
0 0 0 0 0 0 0 0 0 0 0 0 1 0 0 1
0 0 0 0 0 0 0 1 0 0 0 0 0 1 1 0

12
0: [0, 2]
1: [0, 3]
2: [0, 4]
3: [2, 5]
4: [2, 7]
5: [2, 8]
6: [3, 5]
7: [3, 7]
8: [3, 8]
9: [4, 5]
10: [4, 7]
11: [4, 8]
0 0 0 1 1 1 0 0 0 0 0 0
0 0 0 0 0 0 1 1 1 0 0 0
0 0 0 0 0 0 0 0 0 1 1 1
1 0 0 0 0 0 1 0 0 1 0 0
1 0 0 0 0 0 0 1 0 0 1 0
1 0 0 0 0 0 0 0 1 0 0 1
0 1 0 1 0 0 0 0 0 0 0 0
0 1 0 0 1 0 0 0 0 0 0 0
0 1 0 0 0 1 0 0 0 0 0 0
0 0 1 1 0 0 0 0 0 0 0 0
0 0 1 0 1 0 0 0 0 0 0 0
0 0 1 0 0 1 0 0 0 0 0 0

30
0: [0, 2, 7]
1: [0, 2, 8]
2: [0, 3, 4]
3: [0, 3, 5]
4: [0, 3, 7]
5: [0, 3, 8]
6: [0, 4, 7]
7: [0, 4, 8]
8: [0, 5, 7]
9: [0, 5, 8]
10: [1, 3, 6]
11: [1, 3, 7]
12: [1, 3, 8]
13: [1, 5, 6]
14: [1, 5, 7]
15: [1, 5, 8]
16: [2, 4, 6]
17: [2, 4, 7]
18: [2, 4, 8]
19: [2, 5, 6]
20: [2, 5, 7]
21: [2, 5, 8]
22: [2, 6, 8]
23: [3, 4, 6]
24: [3, 4, 7]
25: [3, 4, 8]
26: [3, 5, 6]
27: [3, 5, 7]
28: [3, 5, 8]
29: [3, 6, 8]
0 1 0 0 1 0 0 0 0 0 0 0 0 0 0 0 0 0 0 0 0 0 0 0 0 0 0 0 0 0
1 0 0 0 0 0 0 0 0 0 0 0 0 0 0 0 0 0 0 0 0 0 1 0 0 0 0 0 0 0
0 0 0 1 0 0 0 0 0 0 0 0 0 0 0 0 0 0 0 0 0 0 0 1 0 0 0 0 0 0
0 0 1 0 0 0 0 0 0 0 0 0 0 0 0 0 0 0 0 0 0 0 0 0 0 0 1 0 0 0
1 0 0 0 0 0 0 0 0 0 0 1 0 0 0 0 0 0 0 0 0 0 0 0 0 0 0 0 0 0
0 0 0 0 0 0 0 0 0 0 0 0 1 0 0 0 0 0 0 0 0 0 0 0 0 0 0 0 0 1
0 0 0 0 0 0 0 1 1 0 0 0 0 0 0 0 0 0 0 0 0 0 0 0 0 0 0 0 0 0
0 0 0 0 0 0 1 0 0 1 0 0 0 0 0 0 0 0 0 0 0 0 0 0 0 0 0 0 0 0
0 0 0 0 0 0 1 0 0 0 0 0 0 0 1 0 0 0 0 0 0 0 0 0 0 0 0 0 0 0
0 0 0 0 0 0 0 1 0 0 0 0 0 0 0 1 0 0 0 0 0 0 0 0 0 0 0 0 0 0
0 0 0 0 0 0 0 0 0 0 0 1 0 0 0 0 0 0 0 0 0 0 0 1 0 0 0 0 0 0
0 0 0 0 1 0 0 0 0 0 1 0 0 0 0 0 0 0 0 0 0 0 0 0 1 0 0 0 0 0
0 0 0 0 0 1 0 0 0 0 0 0 0 0 0 0 0 0 0 0 0 0 0 0 0 1 0 0 0 0
0 0 0 0 0 0 0 0 0 0 0 0 0 0 1 0 0 0 0 1 0 0 0 0 0 0 0 0 0 0
0 0 0 0 0 0 0 0 1 0 0 0 0 1 0 0 0 0 0 0 0 0 0 0 0 0 0 0 0 0
0 0 0 0 0 0 0 0 0 1 0 0 0 0 0 0 0 0 0 0 0 1 0 0 0 0 0 0 0 0
0 0 0 0 0 0 0 0 0 0 0 0 0 0 0 0 0 0 0 1 0 0 0 1 0 0 0 0 0 0
0 0 0 0 0 0 0 0 0 0 0 0 0 0 0 0 0 0 1 0 1 0 0 0 1 0 0 0 0 0
0 0 0 0 0 0 0 0 0 0 0 0 0 0 0 0 0 1 0 0 0 0 0 0 0 1 0 0 0 0
0 0 0 0 0 0 0 0 0 0 0 0 0 1 0 0 1 0 0 0 0 0 0 0 0 0 0 0 0 0
0 0 0 0 0 0 0 0 0 0 0 0 0 0 0 0 0 1 0 0 0 1 0 0 0 0 0 0 0 0
0 0 0 0 0 0 0 0 0 0 0 0 0 0 0 1 0 0 0 0 1 0 0 0 0 0 0 0 0 0
0 1 0 0 0 0 0 0 0 0 0 0 0 0 0 0 0 0 0 0 0 0 0 0 0 0 0 0 0 1
0 0 1 0 0 0 0 0 0 0 1 0 0 0 0 0 1 0 0 0 0 0 0 0 0 0 0 0 0 0
0 0 0 0 0 0 0 0 0 0 0 1 0 0 0 0 0 1 0 0 0 0 0 0 0 0 0 1 0 0
0 0 0 0 0 0 0 0 0 0 0 0 1 0 0 0 0 0 1 0 0 0 0 0 0 0 0 0 1 0
0 0 0 1 0 0 0 0 0 0 0 0 0 0 0 0 0 0 0 0 0 0 0 0 0 0 0 1 0 0
0 0 0 0 0 0 0 0 0 0 0 0 0 0 0 0 0 0 0 0 0 0 0 0 1 0 1 0 1 0
0 0 0 0 0 0 0 0 0 0 0 0 0 0 0 0 0 0 0 0 0 0 0 0 0 1 0 1 0 0
0 0 0 0 0 1 0 0 0 0 0 0 0 0 0 0 0 0 0 0 0 0 1 0 0 0 0 0 0 0

15
0: [1, 6]
1: [1, 7]
2: [1, 8]
3: [2, 6]
4: [2, 7]
5: [2, 8]
6: [3, 6]
7: [3, 7]
8: [3, 8]
9: [4, 6]
10: [4, 7]
11: [4, 8]
12: [5, 6]
13: [5, 7]
14: [5, 8]
0 0 0 1 0 0 0 0 0 1 0 0 1 0 0
0 0 0 0 1 0 0 0 0 0 1 0 0 1 0
0 0 0 0 0 1 0 0 0 0 0 1 0 0 1
1 0 0 0 1 0 1 0 0 0 0 0 0 0 0
0 1 0 1 0 0 0 0 0 0 0 0 0 0 0
0 0 1 0 0 0 0 0 1 0 0 0 0 0 0
0 0 0 1 0 0 0 1 0 0 0 0 0 0 0
0 0 0 0 0 0 1 0 1 0 0 0 0 0 0
0 0 0 0 0 1 0 1 0 0 0 0 0 0 0
1 0 0 0 0 0 0 0 0 0 1 0 0 0 0
0 1 0 0 0 0 0 0 0 1 0 1 0 0 0
0 0 1 0 0 0 0 0 0 0 1 0 0 0 0
1 0 0 0 0 0 0 0 0 0 0 0 0 1 0
0 1 0 0 0 0 0 0 0 0 0 0 1 0 1
0 0 1 0 0 0 0 0 0 0 0 0 0 1 0

21
0: [0, 2, 6]
1: [0, 2, 7]
2: [0, 3, 7]
3: [0, 4, 6]
4: [0, 4, 7]
5: [1, 5, 7]
6: [1, 5, 8]
7: [1, 6, 8]
8: [1, 7, 8]
9: [2, 5, 7]
10: [2, 5, 8]
11: [2, 6, 8]
12: [2, 7, 8]
13: [3, 5, 7]
14: [3, 5, 8]
15: [3, 6, 8]
16: [3, 7, 8]
17: [4, 5, 7]
18: [4, 5, 8]
19: [4, 6, 8]
20: [4, 7, 8]
0 1 0 0 0 0 0 0 0 0 0 1 0 0 0 0 0 0 0 0 0
1 0 1 0 0 0 0 0 0 0 0 0 0 0 0 0 0 0 0 0 0
0 1 0 0 0 0 0 0 0 0 0 0 0 1 0 0 0 0 0 0 0
0 0 0 0 1 0 0 0 0 0 0 0 0 0 0 0 0 0 0 1 0
0 0 0 1 0 0 0 0 0 0 0 0 0 0 0 0 0 1 0 0 1
0 0 0 0 0 0 0 0 0 1 0 0 0 0 0 0 0 1 0 0 0
0 0 0 0 0 0 0 1 0 0 1 0 0 0 0 0 0 0 1 0 0
0 0 0 0 0 0 1 0 1 0 0 1 0 0 0 0 0 0 0 0 0
0 0 0 0 0 0 0 1 0 0 0 0 1 0 0 0 0 0 0 0 1
0 0 0 0 0 1 0 0 0 0 0 0 0 1 0 0 0 0 0 0 0
0 0 0 0 0 0 1 0 0 0 0 0 0 0 1 0 0 0 0 0 0
1 0 0 0 0 0 0 1 0 0 0 0 1 0 0 0 0 0 0 0 0
0 0 0 0 0 0 0 0 1 0 0 1 0 0 0 0 1 0 0 0 0
0 0 1 0 0 0 0 0 0 1 0 0 0 0 0 0 0 0 0 0 0
0 0 0 0 0 0 0 0 0 0 1 0 0 0 0 1 0 0 0 0 0
0 0 0 0 0 0 0 0 0 0 0 0 0 0 1 0 1 0 0 0 0
0 0 0 0 0 0 0 0 0 0 0 0 1 0 0 1 0 0 0 0 0
0 0 0 0 1 1 0 0 0 0 0 0 0 0 0 0 0 0 0 0 0
0 0 0 0 0 0 1 0 0 0 0 0 0 0 0 0 0 0 0 1 0
0 0 0 1 0 0 0 0 0 0 0 0 0 0 0 0 0 0 1 0 0
0 0 0 0 1 0 0 0 1 0 0 0 0 0 0 0 0 0 0 0 0

12
0: [1, 3, 5]
1: [1, 3, 6]
2: [1, 3, 7]
3: [1, 3, 8]
4: [2, 4, 5]
5: [2, 4, 6]
6: [2, 4, 7]
7: [2, 4, 8]
8: [3, 4, 5]
9: [3, 4, 6]
10: [3, 4, 7]
11: [3, 4, 8]
0 1 1 1 0 0 0 0 0 0 0 0
1 0 0 0 0 0 0 0 0 1 0 0
1 0 0 0 0 0 0 0 0 0 1 0
1 0 0 0 0 0 0 0 0 0 0 1
0 0 0 0 0 1 1 1 0 0 0 0
0 0 0 0 1 0 0 0 0 1 0 0
0 0 0 0 1 0 0 0 0 0 1 0
0 0 0 0 1 0 0 0 0 0 0 1
0 0 0 0 0 0 0 0 0 1 1 1
0 1 0 0 0 1 0 0 1 0 0 0
0 0 1 0 0 0 1 0 1 0 0 0
0 0 0 1 0 0 0 1 1 0 0 0

22
0: [0, 3]
1: [0, 4]
2: [0, 6]
3: [0, 7]
4: [1, 5]
5: [1, 6]
6: [1, 7]
7: [1, 8]
8: [2, 5]
9: [2, 6]
10: [2, 7]
11: [2, 8]
12: [3, 5]
13: [3, 6]
14: [3, 7]
15: [3, 8]
16: [4, 5]
17: [4, 7]
18: [4, 8]
19: [5, 8]
20: [6, 8]
21: [7, 8]
0 0 0 0 0 0 0 0 0 0 0 0 1 0 0 1 0 0 0 0 0 0
0 0 0 0 0 0 0 0 0 0 0 0 0 0 0 0 1 0 1 0 0 0
0 0 0 0 0 1 0 0 0 0 0 0 0 0 0 0 0 0 0 0 1 0
0 0 0 0 0 0 1 0 0 0 0 0 0 0 0 0 0 0 0 0 0 1
0 0 0 0 0 0 0 0 1 0 0 0 0 0 0 0 1 0 0 0 0 0
0 0 1 0 0 0 0 0 0 1 0 0 0 0 0 0 0 0 0 0 0 0
0 0 0 1 0 0 0 0 0 0 1 0 0 0 0 0 0 1 0 0 0 0
0 0 0 0 0 0 0 0 0 0 0 1 0 0 0 0 0 0 1 0 0 0
0 0 0 0 1 0 0 0 0 1 1 0 0 0 0 0 0 0 0 0 0 0
0 0 0 0 0 1 0 0 1 0 0 0 0 1 0 0 0 0 0 0 0 0
0 0 0 0 0 0 1 0 1 0 0 0 0 0 1 0 0 0 0 0 0 0
0 0 0 0 0 0 0 1 0 0 0 0 0 0 0 1 0 0 0 0 0 0
1 0 0 0 0 0 0 0 0 0 0 0 0 1 1 0 0 0 0 0 0 0
0 0 0 0 0 0 0 0 0 1 0 0 1 0 0 0 0 0 0 0 0 0
0 0 0 0 0 0 0 0 0 0 1 0 1 0 0 0 0 0 0 0 0 0
1 0 0 0 0 0 0 0 0 0 0 1 0 0 0 0 0 0 0 0 0 0
0 1 0 0 1 0 0 0 0 0 0 0 0 0 0 0 0 1 0 0 0 0
0 0 0 0 0 0 1 0 0 0 0 0 0 0 0 0 1 0 0 0 0 0
0 1 0 0 0 0 0 1 0 0 0 0 0 0 0 0 0 0 0 0 0 0
0 0 0 0 0 0 0 0 0 0 0 0 0 0 0 0 0 0 0 0 1 1
0 0 1 0 0 0 0 0 0 0 0 0 0 0 0 0 0 0 0 1 0 0
0 0 0 1 0 0 0 0 0 0 0 0 0 0 0 0 0 0 0 1 0 0

26
0: [0, 2, 4]
1: [0, 2, 6]
2: [0, 2, 8]
3: [0, 3, 4]
4: [0, 3, 6]
5: [0, 3, 8]
6: [1, 3, 6]
7: [1, 3, 8]
8: [1, 5, 7]
9: [1, 6, 7]
10: [1, 6, 8]
11: [2, 4, 5]
12: [2, 4, 6]
13: [2, 4, 7]
14: [2, 5, 7]
15: [2, 5, 8]
16: [2, 6, 7]
17: [2, 6, 8]
18: [3, 4, 5]
19: [3, 4, 6]
20: [3, 4, 7]
21: [3, 4, 8]
22: [3, 5, 7]
23: [3, 5, 8]
24: [3, 6, 7]
25: [3, 6, 8]
0 0 0 1 0 0 0 0 0 0 0 0 0 1 0 0 0 0 0 0 0 0 0 0 0 0
0 0 0 0 1 0 0 0 0 0 0 0 0 0 0 0 1 0 0 0 0 0 0 0 0 0
0 0 0 0 0 1 0 0 0 0 0 0 0 0 0 1 0 0 0 0 0 0 0 0 0 0
1 0 0 0 0 0 0 0 0 0 0 0 0 0 0 0 0 0 1 0 0 0 0 0 0 0
0 1 0 0 0 0 1 0 0 0 0 0 0 0 0 0 0 0 0 0 0 0 0 0 0 0
0 0 1 0 0 0 0 1 0 0 0 0 0 0 0 0 0 0 0 0 0 0 0 1 0 0
0 0 0 0 1 0 0 0 0 0 0 0 0 0 0 0 0 0 0 1 0 0 0 0 0 0
0 0 0 0 0 1 0 0 0 0 0 0 0 0 0 0 0 0 0 0 0 1 0 0 0 0
0 0 0 0 0 0 0 0 0 1 0 0 0 0 1 0 0 0 0 0 0 0 0 0 0 0
0 0 0 0 0 0 0 0 1 0 1 0 0 0 0 0 0 0 0 0 0 0 0 0 0 0
0 0 0 0 0 0 0 0 0 1 0 0 0 0 0 0 0 1 0 0 0 0 0 0 0 0
0 0 0 0 0 0 0 0 0 0 0 0 1 0 0 0 0 0 1 0 0 0 0 0 0 0
0 0 0 0 0 0 0 0 0 0 0 1 0 0 0 0 0 0 0 1 0 0 0 0 0 0
1 0 0 0 0 0 0 0 0 0 0 0 0 0 0 0 0 0 0 0 1 0 0 0 0 0
0 0 0 0 0 0 0 0 1 0 0 0 0 0 0 1 0 0 0 0 0 0 1 0 0 0
0 0 1 0 0 0 0 0 0 0 0 0 0 0 1 0 0 0 0 0 0 0 0 0 0 0
0 1 0 0 0 0 0 0 0 0 0 0 0 0 0 0 0 0 0 0 0 0 0 0 1 0
0 0 0 0 0 0 0 0 0 0 1 0 0 0 0 0 0 0 0 0 0 0 0 0 0 1
0 0 0 1 0 0 0 0 0 0 0 1 0 0 0 0 0 0 0 0 0 0 0 0 0 0
0 0 0 0 0 0 1 0 0 0 0 0 1 0 0 0 0 0 0 0 0 0 0 0 0 0
0 0 0 0 0 0 0 0 0 0 0 0 0 1 0 0 0 0 0 0 0 1 0 0 0 0
0 0 0 0 0 0 0 1 0 0 0 0 0 0 0 0 0 0 0 0 1 0 0 0 0 0
0 0 0 0 0 0 0 0 0 0 0 0 0 0 1 0 0 0 0 0 0 0 0 1 1 0
0 0 0 0 0 1 0 0 0 0 0 0 0 0 0 0 0 0 0 0 0 0 1 0 0 1
0 0 0 0 0 0 0 0 0 0 0 0 0 0 0 0 1 0 0 0 0 0 1 0 0 1
0 0 0 0 0 0 0 0 0 0 0 0 0 0 0 0 0 1 0 0 0 0 0 1 1 0

15
0: [0, 2]
1: [0, 3]
2: [0, 4]
3: [1, 5]
4: [1, 7]
5: [1, 8]
6: [2, 5]
7: [2, 7]
8: [2, 8]
9: [3, 5]
10: [3, 7]
11: [3, 8]
12: [4, 5]
13: [4, 7]
14: [4, 8]
0 0 0 0 0 0 1 1 1 0 0 0 0 0 0
0 0 0 0 0 0 0 0 0 1 1 1 0 0 0
0 0 0 0 0 0 0 0 0 0 0 0 1 1 1
0 0 0 0 0 0 1 0 0 0 0 0 1 0 0
0 0 0 0 0 0 0 1 0 0 0 0 0 1 0
0 0 0 0 0 0 0 0 1 0 0 0 0 0 1
1 0 0 1 0 0 0 0 0 1 0 0 0 0 0
1 0 0 0 1 0 0 0 0 0 1 0 0 0 0
1 0 0 0 0 1 0 0 0 0 0 1 0 0 0
0 1 0 0 0 0 1 0 0 0 0 0 0 0 0
0 1 0 0 0 0 0 1 0 0 0 0 0 0 0
0 1 0 0 0 0 0 0 1 0 0 0 0 0 0
0 0 1 1 0 0 0 0 0 0 0 0 0 0 0
0 0 1 0 1 0 0 0 0 0 0 0 0 0 0
0 0 1 0 0 1 0 0 0 0 0 0 0 0 0

18
0: [0, 5, 8]
1: [0, 6, 8]
2: [1, 4, 7]
3: [1, 4, 8]
4: [1, 5, 7]
5: [1, 5, 8]
6: [1, 6, 7]
7: [1, 6, 8]
8: [2, 4, 7]
9: [2, 4, 8]
10: [2, 5, 7]
11: [2, 5, 8]
12: [2, 6, 7]
13: [3, 4, 7]
14: [3, 4, 8]
15: [3, 5, 8]
16: [3, 6, 7]
17: [3, 6, 8]
0 1 0 0 0 1 0 0 0 0 0 0 0 0 0 0 0 0
1 0 0 0 0 0 0 1 0 0 0 0 0 0 0 0 0 0
0 0 0 1 1 0 0 0 0 0 0 0 0 0 0 0 0 0
0 0 1 0 0 1 0 0 0 1 0 0 0 0 0 0 0 0
0 0 1 0 0 0 0 0 0 0 1 0 0 0 0 0 0 0
1 0 0 1 0 0 0 0 0 0 0 1 0 0 0 0 0 0
0 0 0 0 0 0 0 1 0 0 0 0 1 0 0 0 0 0
0 1 0 0 0 0 1 0 0 0 0 0 0 0 0 0 0 0
0 0 0 0 0 0 0 0 0 1 1 0 0 1 0 0 0 0
0 0 0 1 0 0 0 0 1 0 0 1 0 0 0 0 0 0
0 0 0 0 1 0 0 0 1 0 0 1 0 0 0 0 0 0
0 0 0 0 0 1 0 0 0 1 1 0 0 0 0 0 0 0
0 0 0 0 0 0 1 0 0 0 0 0 0 0 0 0 1 0
0 0 0 0 0 0 0 0 1 0 0 0 0 0 1 0 0 0
0 0 0 0 0 0 0 0 0 0 0 0 0 1 0 1 0 0
0 0 0 0 0 0 0 0 0 0 0 0 0 0 1 0 0 1
0 0 0 0 0 0 0 0 0 0 0 0 1 0 0 0 0 1
0 0 0 0 0 0 0 0 0 0 0 0 0 0 0 1 1 0

12
0: [1, 4]
1: [1, 6]
2: [1, 7]
3: [1, 8]
4: [2, 4]
5: [2, 6]
6: [2, 7]
7: [2, 8]
8: [3, 4]
9: [3, 6]
10: [3, 7]
11: [3, 8]
0 1 1 1 0 0 0 0 0 0 0 0
1 0 0 0 0 1 0 0 0 0 0 0
1 0 0 0 0 0 1 0 0 0 0 0
1 0 0 0 0 0 0 1 0 0 0 0
0 0 0 0 0 1 1 1 0 0 0 0
0 1 0 0 1 0 0 0 0 1 0 0
0 0 1 0 1 0 0 0 0 0 1 0
0 0 0 1 1 0 0 0 0 0 0 1
0 0 0 0 0 0 0 0 0 1 1 1
0 0 0 0 0 1 0 0 1 0 0 0
0 0 0 0 0 0 1 0 1 0 0 0
0 0 0 0 0 0 0 1 1 0 0 0

18
0: [0, 2, 6]
1: [0, 2, 7]
2: [0, 3, 6]
3: [0, 3, 7]
4: [1, 3, 4]
5: [1, 3, 6]
6: [1, 3, 7]
7: [1, 4, 8]
8: [1, 5, 8]
9: [1, 6, 8]
10: [1, 7, 8]
11: [2, 4, 8]
12: [2, 5, 8]
13: [2, 6, 8]
14: [2, 7, 8]
15: [3, 4, 8]
16: [3, 5, 8]
17: [3, 7, 8]
0 0 1 0 0 0 0 0 0 0 0 0 0 1 0 0 0 0
0 0 0 1 0 0 0 0 0 0 0 0 0 0 1 0 0 0
1 0 0 0 0 1 0 0 0 0 0 0 0 0 0 0 0 0
0 1 0 0 0 0 1 0 0 0 0 0 0 0 0 0 0 1
0 0 0 0 0 1 1 0 0 0 0 0 0 0 0 0 0 0
0 0 1 0 1 0 0 0 0 0 0 0 0 0 0 0 0 0
0 0 0 1 1 0 0 0 0 0 0 0 0 0 0 0 0 0
0 0 0 0 0 0 0 0 1 1 1 0 0 0 0 0 0 0
0 0 0 0 0 0 0 1 0 0 0 0 1 0 0 0 0 0
0 0 0 0 0 0 0 1 0 0 0 0 0 1 0 0 0 0
0 0 0 0 0 0 0 1 0 0 0 0 0 0 1 0 0 0
0 0 0 0 0 0 0 0 0 0 0 0 1 1 1 0 0 0
0 0 0 0 0 0 0 0 1 0 0 1 0 0 0 0 1 0
1 0 0 0 0 0 0 0 0 1 0 1 0 0 0 0 0 0
0 1 0 0 0 0 0 0 0 0 1 1 0 0 0 0 0 0
0 0 0 0 0 0 0 0 0 0 0 0 0 0 0 0 1 1
0 0 0 0 0 0 0 0 0 0 0 0 1 0 0 1 0 0
0 0 0 1 0 0 0 0 0 0 0 0 0 0 0 1 0 0

24
0: [0, 2, 5]
1: [0, 2, 6]
2: [0, 2, 8]
3: [0, 3, 5]
4: [0, 3, 6]
5: [0, 3, 8]
6: [1, 3, 4]
7: [1, 3, 5]
8: [1, 3, 6]
9: [1, 4, 7]
10: [1, 4, 8]
11: [1, 5, 8]
12: [1, 6, 7]
13: [1, 6, 8]
14: [2, 4, 7]
15: [2, 4, 8]
16: [2, 5, 7]
17: [2, 5, 8]
18: [2, 6, 7]
19: [2, 6, 8]
20: [3, 4, 7]
21: [3, 4, 8]
22: [3, 5, 7]
23: [3, 5, 8]
0 0 0 1 0 0 0 0 0 0 0 0 0 0 0 0 1 0 0 0 0 0 0 0
0 0 0 0 1 0 0 0 0 0 0 0 0 0 0 0 0 0 1 0 0 0 0 0
0 0 0 0 0 1 0 0 0 0 0 0 0 0 0 1 0 0 0 0 0 0 0 0
1 0 0 0 0 0 0 1 0 0 0 0 0 0 0 0 0 0 0 0 0 0 0 0
0 1 0 0 0 0 0 0 1 0 0 0 0 0 0 0 0 0 0 0 0 0 0 0
0 0 1 0 0 0 0 0 0 0 0 0 0 0 0 0 0 0 0 0 0 1 0 0
0 0 0 0 0 0 0 1 1 0 0 0 0 0 0 0 0 0 0 0 0 0 0 0
0 0 0 1 0 0 1 0 0 0 0 0 0 0 0 0 0 0 0 0 0 0 0 0
0 0 0 0 1 0 1 0 0 0 0 0 0 0 0 0 0 0 0 0 0 0 0 0
0 0 0 0 0 0 0 0 0 0 0 0 1 0 1 0 0 0 0 0 0 0 0 0
0 0 0 0 0 0 0 0 0 0 0 1 0 1 0 0 0 0 0 0 0 0 0 0
0 0 0 0 0 0 0 0 0 0 1 0 0 0 0 0 0 1 0 0 0 0 0 0
0 0 0 0 0 0 0 0 0 1 0 0 0 1 0 0 0 0 0 0 0 0 0 0
0 0 0 0 0 0 0 0 0 0 1 0 1 0 0 0 0 0 0 0 0 0 0 0
0 0 0 0 0 0 0 0 0 1 0 0 0 0 0 0 1 0 0 0 1 0 0 0
0 0 1 0 0 0 0 0 0 0 0 0 0 0 0 0 0 0 0 1 0 0 0 0
1 0 0 0 0 0 0 0 0 0 0 0 0 0 1 0 0 0 0 0 0 0 1 0
0 0 0 0 0 0 0 0 0 0 0 1 0 0 0 0 0 0 0 0 0 0 0 1
0 1 0 0 0 0 0 0 0 0 0 0 0 0 0 0 0 0 0 1 0 0 0 0
0 0 0 0 0 0 0 0 0 0 0 0 0 0 0 1 0 0 1 0 0 0 0 0
0 0 0 0 0 0 0 0 0 0 0 0 0 0 1 0 0 0 0 0 0 1 1 0
0 0 0 0 0 1 0 0 0 0 0 0 0 0 0 0 0 0 0 0 1 0 0 1
0 0 0 0 0 0 0 0 0 0 0 0 0 0 0 0 1 0 0 0 1 0 0 1
0 0 0 0 0 0 0 0 0 0 0 0 0 0 0 0 0 1 0 0 0 1 1 0

12
0: [1, 6]
1: [1, 7]
2: [1, 8]
3: [3, 6]
4: [3, 7]
5: [3, 8]
6: [4, 6]
7: [4, 7]
8: [4, 8]
9: [5, 6]
10: [5, 7]
11: [5, 8]
0 0 0 1 0 0 1 0 0 1 0 0
0 0 0 0 1 0 0 1 0 0 1 0
0 0 0 0 0 1 0 0 1 0 0 1
1 0 0 0 1 1 0 0 0 0 0 0
0 1 0 1 0 0 0 0 0 0 0 0
0 0 1 1 0 0 0 0 0 0 0 0
1 0 0 0 0 0 0 1 1 0 0 0
0 1 0 0 0 0 1 0 0 0 0 0
0 0 1 0 0 0 1 0 0 0 0 0
1 0 0 0 0 0 0 0 0 0 1 1
0 1 0 0 0 0 0 0 0 1 0 0
0 0 1 0 0 0 0 0 0 1 0 0

15
0: [0, 3]
1: [0, 4]
2: [0, 5]
3: [1, 6]
4: [1, 7]
5: [1, 8]
6: [3, 6]
7: [3, 7]
8: [3, 8]
9: [4, 6]
10: [4, 7]
11: [4, 8]
12: [5, 6]
13: [5, 7]
14: [5, 8]
0 0 0 0 0 0 1 0 1 0 0 0 0 0 0
0 0 0 0 0 0 0 0 0 1 0 1 0 0 0
0 0 0 0 0 0 0 0 0 0 0 0 1 0 1
0 0 0 0 0 0 1 0 0 1 0 0 1 0 0
0 0 0 0 0 0 0 1 0 0 1 0 0 1 0
0 0 0 0 0 0 0 0 1 0 0 1 0 0 1
1 0 0 1 0 0 0 1 0 0 0 0 0 0 0
0 0 0 0 1 0 1 0 0 0 0 0 0 0 0
1 0 0 0 0 1 0 0 0 0 0 0 0 0 0
0 1 0 1 0 0 0 0 0 0 1 0 0 0 0
0 0 0 0 1 0 0 0 0 1 0 0 0 0 0
0 1 0 0 0 1 0 0 0 0 0 0 0 0 0
0 0 1 1 0 0 0 0 0 0 0 0 0 1 0
0 0 0 0 1 0 0 0 0 0 0 0 1 0 0
0 0 1 0 0 1 0 0 0 0 0 0 0 0 0

15
0: [1, 6]
1: [1, 7]
2: [1, 8]
3: [2, 5]
4: [2, 6]
5: [2, 7]
6: [2, 8]
7: [3, 5]
8: [3, 6]
9: [3, 7]
10: [3, 8]
11: [4, 5]
12: [4, 6]
13: [4, 7]
14: [4, 8]
0 0 0 0 1 0 0 0 1 0 0 0 1 0 0
0 0 0 0 0 1 0 0 0 1 0 0 0 1 0
0 0 0 0 0 0 1 0 0 0 1 0 0 0 1
0 0 0 0 1 1 1 0 0 0 0 0 0 0 0
1 0 0 1 0 0 0 0 0 0 0 0 0 0 0
0 1 0 1 0 0 0 0 0 0 0 0 0 0 0
0 0 1 1 0 0 0 0 0 0 0 0 0 0 0
0 0 0 0 0 0 0 0 1 1 1 0 0 0 0
1 0 0 0 0 0 0 1 0 0 0 0 0 0 0
0 1 0 0 0 0 0 1 0 0 0 0 0 0 0
0 0 1 0 0 0 0 1 0 0 0 0 0 0 0
0 0 0 0 0 0 0 0 0 0 0 0 1 1 1
1 0 0 0 0 0 0 0 0 0 0 1 0 0 0
0 1 0 0 0 0 0 0 0 0 0 1 0 0 0
0 0 1 0 0 0 0 0 0 0 0 1 0 0 0

12
0: [1, 5, 8]
1: [1, 6, 8]
2: [1, 7, 8]
3: [2, 5, 8]
4: [2, 6, 8]
5: [2, 7, 8]
6: [3, 5, 8]
7: [3, 6, 8]
8: [3, 7, 8]
9: [4, 5, 8]
10: [4, 6, 8]
11: [4, 7, 8]
0 0 0 1 0 0 1 0 0 1 0 0
0 0 0 0 1 0 0 1 0 0 1 0
0 0 0 0 0 1 0 0 1 0 0 1
1 0 0 0 1 1 0 0 0 0 0 0
0 1 0 1 0 0 0 0 0 0 0 0
0 0 1 1 0 0 0 0 0 0 0 0
1 0 0 0 0 0 0 1 1 0 0 0
0 1 0 0 0 0 1 0 0 0 0 0
0 0 1 0 0 0 1 0 0 0 0 0
1 0 0 0 0 0 0 0 0 0 1 1
0 1 0 0 0 0 0 0 0 1 0 0
0 0 1 0 0 0 0 0 0 1 0 0

14
0: [1, 5, 7]
1: [1, 5, 8]
2: [1, 6, 7]
3: [1, 6, 8]
4: [2, 5, 7]
5: [2, 5, 8]
6: [2, 6, 8]
7: [3, 5, 7]
8: [3, 5, 8]
9: [3, 6, 7]
10: [4, 5, 7]
11: [4, 5, 8]
12: [4, 6, 7]
13: [4, 6, 8]
0 0 0 0 1 0 0 0 0 0 1 0 0 0
0 0 0 0 0 1 0 0 1 0 0 1 0 0
0 0 0 0 0 0 0 0 0 1 0 0 1 0
0 0 0 0 0 0 1 0 0 0 0 0 0 1
1 0 0 0 0 1 0 0 0 0 0 0 0 0
0 1 0 0 1 0 1 0 0 0 0 0 0 0
0 0 0 1 0 1 0 0 0 0 0 0 0 0
0 0 0 0 0 0 0 0 1 1 0 0 0 0
0 1 0 0 0 0 0 1 0 0 0 0 0 0
0 0 1 0 0 0 0 1 0 0 0 0 0 0
1 0 0 0 0 0 0 0 0 0 0 1 1 0
0 1 0 0 0 0 0 0 0 0 1 0 0 1
0 0 1 0 0 0 0 0 0 0 1 0 0 1
0 0 0 1 0 0 0 0 0 0 0 1 1 0

18
0: [0, 2, 6]
1: [0, 3, 6]
2: [0, 4, 6]
3: [1, 5, 7]
4: [1, 5, 8]
5: [1, 6, 7]
6: [1, 6, 8]
7: [2, 5, 7]
8: [2, 5, 8]
9: [2, 6, 7]
10: [2, 6, 8]
11: [3, 5, 8]
12: [3, 6, 7]
13: [3, 6, 8]
14: [4, 5, 7]
15: [4, 5, 8]
16: [4, 6, 7]
17: [4, 6, 8]
0 0 0 0 0 0 0 0 0 1 1 0 0 0 0 0 0 0
0 0 0 0 0 0 0 0 0 0 0 0 1 1 0 0 0 0
0 0 0 0 0 0 0 0 0 0 0 0 0 0 0 0 1 1
0 0 0 0 0 1 0 1 0 0 0 0 0 0 1 0 0 0
0 0 0 0 0 0 0 0 1 0 0 1 0 0 0 1 0 0
0 0 0 1 0 0 0 0 0 0 0 0 1 0 0 0 0 0
0 0 0 0 0 0 0 0 0 0 1 0 0 1 0 0 0 1
0 0 0 1 0 0 0 0 0 1 0 0 0 0 0 0 0 0
0 0 0 0 1 0 0 0 0 0 1 0 0 0 0 0 0 0
1 0 0 0 0 0 0 1 0 0 0 0 0 0 0 0 0 0
1 0 0 0 0 0 1 0 1 0 0 0 0 0 0 0 0 0
0 0 0 0 1 0 0 0 0 0 0 0 0 1 0 0 0 0
0 1 0 0 0 1 0 0 0 0 0 0 0 0 0 0 0 0
0 1 0 0 0 0 1 0 0 0 0 1 0 0 0 0 0 0
0 0 0 1 0 0 0 0 0 0 0 0 0 0 0 0 1 0
0 0 0 0 1 0 0 0 0 0 0 0 0 0 0 0 0 1
0 0 1 0 0 0 0 0 0 0 0 0 0 0 1 0 0 0
0 0 1 0 0 0 1 0 0 0 0 0 0 0 0 1 0 0

15
0: [0, 2]
1: [0, 3]
2: [0, 4]
3: [1, 6]
4: [1, 7]
5: [1, 8]
6: [2, 6]
7: [2, 7]
8: [2, 8]
9: [3, 6]
10: [3, 7]
11: [3, 8]
12: [4, 6]
13: [4, 7]
14: [4, 8]
0 0 0 0 0 0 1 1 1 0 0 0 0 0 0
0 0 0 0 0 0 0 0 0 1 1 1 0 0 0
0 0 0 0 0 0 0 0 0 0 0 0 1 1 1
0 0 0 0 0 0 1 0 0 1 0 0 1 0 0
0 0 0 0 0 0 0 1 0 0 1 0 0 1 0
0 0 0 0 0 0 0 0 1 0 0 1 0 0 1
1 0 0 1 0 0 0 0 0 0 0 0 0 0 0
1 0 0 0 1 0 0 0 0 0 0 0 0 0 0
1 0 0 0 0 1 0 0 0 0 0 0 0 0 0
0 1 0 1 0 0 0 0 0 0 0 0 0 0 0
0 1 0 0 1 0 0 0 0 0 0 0 0 0 0
0 1 0 0 0 1 0 0 0 0 0 0 0 0 0
0 0 1 1 0 0 0 0 0 0 0 0 0 0 0
0 0 1 0 1 0 0 0 0 0 0 0 0 0 0
0 0 1 0 0 1 0 0 0 0 0 0 0 0 0

17
0: [1, 4, 7]
1: [1, 4, 8]
2: [1, 5, 7]
3: [1, 5, 8]
4: [1, 6, 7]
5: [1, 6, 8]
6: [2, 4, 8]
7: [2, 5, 7]
8: [2, 5, 8]
9: [2, 6, 7]
10: [2, 6, 8]
11: [3, 4, 7]
12: [3, 4, 8]
13: [3, 5, 7]
14: [3, 5, 8]
15: [3, 6, 7]
16: [3, 6, 8]
0 1 1 0 0 0 0 0 0 0 0 0 0 0 0 0 0
1 0 0 0 0 1 1 0 0 0 0 0 0 0 0 0 0
1 0 0 0 0 0 0 1 0 0 0 0 0 1 0 0 0
0 0 0 0 0 0 0 0 1 0 0 0 0 0 1 0 0
0 0 0 0 0 0 0 0 0 1 0 0 0 0 0 1 0
0 1 0 0 0 0 0 0 0 0 1 0 0 0 0 0 1
0 1 0 0 0 0 0 0 1 0 1 0 0 0 0 0 0
0 0 1 0 0 0 0 0 1 0 0 0 0 0 0 0 0
0 0 0 1 0 0 1 1 0 0 0 0 0 0 0 0 0
0 0 0 0 1 0 0 0 0 0 1 0 0 0 0 0 0
0 0 0 0 0 1 1 0 0 1 0 0 0 0 0 0 0
0 0 0 0 0 0 0 0 0 0 0 0 0 1 0 1 0
0 0 0 0 0 0 0 0 0 0 0 0 0 0 1 0 1
0 0 1 0 0 0 0 0 0 0 0 1 0 0 0 0 0
0 0 0 1 0 0 0 0 0 0 0 0 1 0 0 0 0
0 0 0 0 1 0 0 0 0 0 0 1 0 0 0 0 0
0 0 0 0 0 1 0 0 0 0 0 0 1 0 0 0 0

19
0: [0, 2]
1: [0, 3]
2: [0, 5]
3: [0, 6]
4: [1, 4]
5: [1, 5]
6: [1, 6]
7: [1, 7]
8: [2, 4]
9: [2, 5]
10: [2, 6]
11: [2, 7]
12: [3, 4]
13: [3, 5]
14: [3, 6]
15: [3, 7]
16: [4, 7]
17: [5, 7]
18: [6, 7]
0 0 0 0 0 0 0 0 1 0 0 1 0 0 0 0 0 0 0
0 0 0 0 0 0 0 0 0 0 0 0 1 0 0 1 0 0 0
0 0 0 0 0 1 0 0 0 0 0 0 0 0 0 0 0 1 0
0 0 0 0 0 0 1 0 0 0 0 0 0 0 0 0 0 0 1
0 0 0 0 0 1 1 0 1 0 0 0 1 0 0 0 0 0 0
0 0 1 0 1 0 0 0 0 1 0 0 0 1 0 0 0 0 0
0 0 0 1 1 0 0 0 0 0 1 0 0 0 1 0 0 0 0
0 0 0 0 0 0 0 0 0 0 0 1 0 0 0 1 0 0 0
1 0 0 0 1 0 0 0 0 1 1 0 0 0 0 0 0 0 0
0 0 0 0 0 1 0 0 1 0 0 0 0 0 0 0 0 0 0
0 0 0 0 0 0 1 0 1 0 0 0 0 0 0 0 0 0 0
1 0 0 0 0 0 0 1 0 0 0 0 0 0 0 0 0 0 0
0 1 0 0 1 0 0 0 0 0 0 0 0 1 1 0 0 0 0
0 0 0 0 0 1 0 0 0 0 0 0 1 0 0 0 0 0 0
0 0 0 0 0 0 1 0 0 0 0 0 1 0 0 0 0 0 0
0 1 0 0 0 0 0 1 0 0 0 0 0 0 0 0 0 0 0
0 0 0 0 0 0 0 0 0 0 0 0 0 0 0 0 0 1 1
0 0 1 0 0 0 0 0 0 0 0 0 0 0 0 0 1 0 0
0 0 0 1 0 0 0 0 0 0 0 0 0 0 0 0 1 0 0

16
0: [0, 2, 7]
1: [0, 3, 7]
2: [1, 4, 6]
3: [1, 4, 7]
4: [1, 5, 6]
5: [1, 5, 7]
6: [1, 7, 8]
7: [2, 4, 7]
8: [2, 5, 6]
9: [2, 5, 7]
10: [2, 7, 8]
11: [3, 4, 6]
12: [3, 4, 7]
13: [3, 5, 6]
14: [3, 5, 7]
15: [3, 7, 8]
0 0 0 0 0 0 0 1 0 0 1 0 0 0 0 0
0 0 0 0 0 0 0 0 0 0 0 0 1 0 0 1
0 0 0 1 1 0 0 0 0 0 0 1 0 0 0 0
0 0 1 0 0 1 0 0 0 0 0 0 0 0 0 0
0 0 1 0 0 0 0 0 1 0 0 0 0 1 0 0
0 0 0 1 0 0 0 0 0 0 0 0 0 0 1 0
0 0 0 0 0 0 0 0 0 0 1 0 0 0 0 1
1 0 0 0 0 0 0 0 0 1 0 0 0 0 0 0
0 0 0 0 1 0 0 0 0 1 0 0 0 0 0 0
0 0 0 0 0 0 0 1 1 0 0 0 0 0 0 0
1 0 0 0 0 0 1 0 0 0 0 0 0 0 0 0
0 0 1 0 0 0 0 0 0 0 0 0 1 1 0 0
0 1 0 0 0 0 0 0 0 0 0 1 0 0 1 0
0 0 0 0 1 0 0 0 0 0 0 1 0 0 1 0
0 0 0 0 0 1 0 0 0 0 0 0 1 1 0 0
0 1 0 0 0 0 1 0 0 0 0 0 0 0 0 0

16
0: [1, 3, 5, 7]
1: [1, 3, 5, 8]
2: [1, 3, 6, 7]
3: [1, 3, 6, 8]
4: [1, 4, 5, 7]
5: [1, 4, 5, 8]
6: [1, 4, 6, 7]
7: [1, 4, 6, 8]
8: [2, 3, 5, 7]
9: [2, 3, 5, 8]
10: [2, 3, 6, 7]
11: [2, 3, 6, 8]
12: [2, 4, 5, 7]
13: [2, 4, 5, 8]
14: [2, 4, 6, 7]
15: [2, 4, 6, 8]
0 1 1 0 0 0 0 0 1 0 0 0 0 0 0 0
1 0 0 0 0 0 0 0 0 1 0 0 0 0 0 0
1 0 0 0 0 0 1 0 0 0 1 0 0 0 0 0
0 0 0 0 0 0 0 1 0 0 0 1 0 0 0 0
0 0 0 0 0 0 1 0 0 0 0 0 1 0 0 0
0 0 0 0 0 0 0 1 0 0 0 0 0 1 0 0
0 0 1 0 1 0 0 0 0 0 0 0 0 0 1 0
0 0 0 1 0 1 0 0 0 0 0 0 0 0 0 0
1 0 0 0 0 0 0 0 0 0 1 0 1 0 0 0
0 1 0 0 0 0 0 0 0 0 0 1 0 0 0 0
0 0 1 0 0 0 0 0 1 0 0 0 0 0 1 0
0 0 0 1 0 0 0 0 0 1 0 0 0 0 0 0
0 0 0 0 1 0 0 0 1 0 0 0 0 0 0 0
0 0 0 0 0 1 0 0 0 0 0 0 0 0 0 1
0 0 0 0 0 0 1 0 0 0 1 0 0 0 0 1
0 0 0 0 0 0 0 0 0 0 0 0 0 1 1 0

