62

10
0: [0, 2]
1: [0, 3]
2: [0, 4]
3: [1, 2]
4: [1, 3]
5: [1, 4]
6: [2, 5]
7: [3, 5]
8: [4, 5]
9: [4, 6]
0 0 1 0 0 0 1 0 0 0
0 0 1 0 0 0 0 1 0 0
1 1 0 0 0 0 0 0 0 1
0 0 0 0 0 1 1 0 0 0
0 0 0 0 0 1 0 1 0 0
0 0 0 1 1 0 0 0 0 1
1 0 0 1 0 0 0 0 1 0
0 1 0 0 1 0 0 0 1 0
0 0 0 0 0 0 1 1 0 1
0 0 1 0 0 1 0 0 1 0

10
0: [0, 2]
1: [0, 3]
2: [0, 4]
3: [1, 2]
4: [1, 3]
5: [1, 4]
6: [2, 5]
7: [3, 6]
8: [4, 5]
9: [5, 6]
0 0 1 0 0 0 1 0 0 0
0 0 1 0 0 0 0 1 0 0
1 1 0 0 0 0 0 0 1 0
0 0 0 0 0 1 1 0 0 0
0 0 0 0 0 1 0 1 0 0
0 0 0 1 1 0 0 0 1 0
1 0 0 1 0 0 0 0 0 1
0 1 0 0 1 0 0 0 0 1
0 0 1 0 0 1 0 0 0 1
0 0 0 0 0 0 1 1 1 0

9
0: [0, 1]
1: [0, 2]
2: [0, 3]
3: [0, 5]
4: [0, 6]
5: [1, 4]
6: [2, 4]
7: [3, 4]
8: [4, 5]
0 0 0 1 1 1 0 0 0
0 0 0 1 1 0 1 0 0
0 0 0 1 1 0 0 1 0
1 1 1 0 0 0 0 0 0
1 1 1 0 0 0 0 0 0
1 0 0 0 0 0 0 0 1
0 1 0 0 0 0 0 0 1
0 0 1 0 0 0 0 0 1
0 0 0 0 0 1 1 1 0

9
0: [0, 1]
1: [0, 2]
2: [0, 3]
3: [0, 5]
4: [0, 6]
5: [1, 4]
6: [2, 4]
7: [3, 4]
8: [4, 5]
0 0 0 1 1 1 0 0 0
0 0 0 1 1 0 1 0 0
0 0 0 1 1 0 0 1 0
1 1 1 0 0 0 0 0 0
1 1 1 0 0 0 0 0 0
1 0 0 0 0 0 0 0 1
0 1 0 0 0 0 0 0 1
0 0 1 0 0 0 0 0 1
0 0 0 0 0 1 1 1 0

11
0: [0, 1]
1: [0, 2]
2: [0, 5]
3: [0, 6]
4: [1, 3]
5: [1, 4]
6: [2, 3]
7: [2, 4]
8: [3, 5]
9: [4, 5]
10: [4, 6]
0 0 0 1 0 1 0 0 0 0 0
0 0 1 1 0 0 0 1 0 0 0
0 1 0 0 0 0 0 0 0 1 0
1 1 0 0 0 0 0 0 0 0 0
0 0 0 0 0 1 0 0 1 0 0
1 0 0 0 1 0 0 0 0 0 1
0 0 0 0 0 0 0 1 1 0 0
0 1 0 0 0 0 1 0 0 0 1
0 0 0 0 1 0 1 0 0 1 0
0 0 1 0 0 0 0 0 1 0 1
0 0 0 0 0 1 0 1 0 1 0

11
0: [0, 1]
1: [0, 2]
2: [0, 5]
3: [1, 3]
4: [1, 4]
5: [2, 3]
6: [2, 4]
7: [3, 5]
8: [4, 5]
9: [4, 6]
10: [5, 6]
0 0 1 0 1 0 0 0 0 0 0
0 0 1 0 0 0 1 0 0 0 0
1 1 0 0 0 0 0 0 1 0 1
0 0 0 0 1 0 0 1 0 0 0
1 0 0 1 0 0 0 0 1 1 0
0 0 0 0 0 0 1 1 0 0 0
0 1 0 0 0 1 0 0 1 1 0
0 0 0 1 0 1 0 0 1 0 1
0 0 1 0 1 0 1 1 0 0 0
0 0 0 0 1 0 1 0 0 0 0
0 0 1 0 0 0 0 1 0 0 0

10
0: [0, 1]
1: [0, 2]
2: [0, 5]
3: [1, 3]
4: [1, 4]
5: [2, 3]
6: [2, 4]
7: [3, 5]
8: [4, 6]
9: [5, 6]
0 0 1 0 1 0 0 0 0 0
0 0 1 0 0 0 1 0 0 0
1 1 0 0 0 0 0 0 0 1
0 0 0 0 1 0 0 1 0 0
1 0 0 1 0 0 0 0 1 0
0 0 0 0 0 0 1 1 0 0
0 1 0 0 0 1 0 0 1 0
0 0 0 1 0 1 0 0 0 1
0 0 0 0 1 0 1 0 0 1
0 0 1 0 0 0 0 1 1 0

12
0: [0, 1]
1: [0, 2]
2: [0, 3]
3: [0, 5]
4: [1, 2]
5: [1, 3]
6: [1, 4]
7: [2, 4]
8: [2, 6]
9: [3, 5]
10: [3, 6]
11: [4, 5]
0 0 0 1 0 0 1 0 0 0 0 0
0 0 1 1 0 0 0 1 0 0 0 0
0 1 0 0 0 0 0 0 0 0 1 0
1 1 0 0 0 0 0 0 0 0 0 0
0 0 0 0 0 1 0 0 1 0 0 0
0 0 0 0 1 0 1 0 0 1 0 0
1 0 0 0 0 1 0 0 0 0 0 1
0 1 0 0 0 0 0 0 1 0 0 1
0 0 0 0 1 0 0 1 0 0 0 0
0 0 0 0 0 1 0 0 0 0 1 1
0 0 1 0 0 0 0 0 0 1 0 0
0 0 0 0 0 0 1 1 0 1 0 0

11
0: [0, 2]
1: [0, 3]
2: [0, 5]
3: [1, 2]
4: [1, 3]
5: [1, 5]
6: [2, 4]
7: [2, 6]
8: [3, 4]
9: [3, 6]
10: [4, 5]
0 1 0 0 0 0 1 0 0 0 0
1 0 1 0 0 0 0 0 0 1 0
0 1 0 0 0 0 0 0 0 0 1
0 0 0 0 1 0 1 1 0 0 0
0 0 0 1 0 1 0 0 1 0 0
0 0 0 0 1 0 0 0 0 0 1
1 0 0 1 0 0 0 0 1 0 0
0 0 0 1 0 0 0 0 0 1 0
0 0 0 0 1 0 1 0 0 1 0
0 1 0 0 0 0 0 1 1 0 0
0 0 1 0 0 1 0 0 0 0 0

11
0: [0, 1]
1: [0, 2]
2: [0, 3]
3: [0, 4]
4: [1, 2]
5: [1, 4]
6: [1, 6]
7: [2, 3]
8: [2, 6]
9: [3, 5]
10: [4, 5]
0 0 1 0 0 0 1 0 0 0 0
0 0 0 1 0 0 0 0 1 0 0
1 0 0 1 0 0 0 0 0 1 0
0 1 1 0 0 0 0 0 0 0 1
0 0 0 0 0 1 0 1 0 0 0
0 0 0 0 1 0 1 0 0 0 1
1 0 0 0 0 1 0 0 0 0 0
0 0 0 0 1 0 0 0 1 1 0
0 1 0 0 0 0 0 1 0 0 0
0 0 1 0 0 0 0 1 0 0 1
0 0 0 1 0 1 0 0 0 1 0

10
0: [0, 1]
1: [0, 2]
2: [0, 3]
3: [0, 6]
4: [1, 2]
5: [1, 4]
6: [2, 3]
7: [2, 5]
8: [3, 4]
9: [4, 5]
0 0 1 0 0 1 0 0 0 0
0 0 0 1 0 0 0 1 0 0
1 0 0 1 0 0 0 0 1 0
0 1 1 0 0 0 0 0 0 0
0 0 0 0 0 1 1 1 0 0
1 0 0 0 1 0 0 0 0 1
0 0 0 0 1 0 0 0 1 0
0 1 0 0 1 0 0 0 0 1
0 0 1 0 0 0 1 0 0 1
0 0 0 0 0 1 0 1 1 0

8
0: [0, 1]
1: [0, 2]
2: [0, 4]
3: [0, 5]
4: [0, 6]
5: [1, 3]
6: [2, 3]
7: [3, 4]
0 0 0 1 1 1 0 0
0 0 0 1 1 0 1 0
0 0 0 1 1 0 0 1
1 1 1 0 0 0 0 0
1 1 1 0 0 0 0 0
1 0 0 0 0 0 0 1
0 1 0 0 0 0 0 1
0 0 1 0 0 1 1 0

8
0: [0, 1]
1: [0, 2]
2: [0, 4]
3: [0, 5]
4: [0, 6]
5: [1, 3]
6: [2, 3]
7: [3, 4]
0 0 0 1 1 1 0 0
0 0 0 1 1 0 1 0
0 0 0 1 1 0 0 1
1 1 1 0 0 0 0 0
1 1 1 0 0 0 0 0
1 0 0 0 0 0 0 1
0 1 0 0 0 0 0 1
0 0 1 0 0 1 1 0

10
0: [0, 2]
1: [0, 4]
2: [0, 5]
3: [1, 2]
4: [1, 4]
5: [1, 5]
6: [2, 3]
7: [2, 6]
8: [3, 4]
9: [3, 5]
0 0 1 0 0 0 1 1 0 0
0 0 1 0 0 0 0 0 1 0
1 1 0 0 0 0 0 0 0 1
0 0 0 0 1 1 0 1 0 0
0 0 0 1 0 0 0 0 1 0
0 0 0 1 0 0 0 0 0 1
1 0 0 0 0 0 0 0 1 1
1 0 0 1 0 0 0 0 0 0
0 1 0 0 1 0 1 0 0 0
0 0 1 0 0 1 1 0 0 0

12
0: [0, 1]
1: [0, 2]
2: [0, 5]
3: [0, 6]
4: [1, 2]
5: [1, 4]
6: [1, 6]
7: [2, 3]
8: [2, 5]
9: [3, 4]
10: [3, 6]
11: [4, 5]
0 0 1 0 0 1 0 0 0 0 0 0
0 0 0 1 0 0 0 1 0 0 0 0
1 0 0 1 0 0 0 0 0 0 0 0
0 1 1 0 0 0 0 0 0 0 1 0
0 0 0 0 0 1 1 0 1 0 0 0
1 0 0 0 1 0 0 0 0 0 0 1
0 0 0 0 1 0 0 0 0 0 1 0
0 1 0 0 0 0 0 0 1 0 0 0
0 0 0 0 1 0 0 1 0 0 0 1
0 0 0 0 0 0 0 0 0 0 1 1
0 0 0 1 0 0 1 0 0 1 0 0
0 0 0 0 0 1 0 0 1 1 0 0

12
0: [0, 1]
1: [0, 2]
2: [0, 5]
3: [0, 6]
4: [1, 2]
5: [1, 4]
6: [1, 6]
7: [2, 4]
8: [2, 5]
9: [3, 4]
10: [3, 5]
11: [3, 6]
0 0 1 0 0 1 0 0 0 0 0 0
0 0 0 1 0 0 0 1 0 0 0 0
1 0 0 1 0 0 0 0 0 0 0 0
0 1 1 0 0 0 0 0 0 0 0 1
0 0 0 0 0 0 1 0 1 0 0 0
1 0 0 0 0 0 1 0 0 1 0 0
0 0 0 0 1 1 0 0 0 0 0 1
0 1 0 0 0 0 0 0 1 0 0 0
0 0 0 0 1 0 0 1 0 0 1 0
0 0 0 0 0 1 0 0 0 0 1 0
0 0 0 0 0 0 0 0 1 1 0 1
0 0 0 1 0 0 1 0 0 0 1 0

10
0: [0, 1]
1: [0, 2]
2: [0, 3]
3: [0, 4]
4: [1, 4]
5: [1, 6]
6: [2, 3]
7: [2, 5]
8: [3, 6]
9: [4, 5]
0 1 0 0 0 1 0 0 0 0
1 0 0 1 0 0 0 1 0 0
0 0 0 1 0 0 0 0 1 0
0 1 1 0 0 0 0 0 0 1
0 0 0 0 0 1 0 0 0 1
1 0 0 0 1 0 0 0 1 0
0 0 0 0 0 0 0 1 1 0
0 1 0 0 0 0 1 0 0 1
0 0 1 0 0 1 1 0 0 0
0 0 0 1 1 0 0 1 0 0

10
0: [0, 1]
1: [0, 2]
2: [0, 5]
3: [1, 3]
4: [1, 4]
5: [1, 6]
6: [2, 3]
7: [2, 4]
8: [3, 5]
9: [5, 6]
0 1 0 1 0 1 0 0 0 0
1 0 0 0 0 0 1 0 0 0
0 0 0 0 0 0 0 0 1 1
1 0 0 0 1 0 0 0 1 0
0 0 0 1 0 1 0 1 0 0
1 0 0 0 1 0 0 0 0 1
0 1 0 0 0 0 0 1 1 0
0 0 0 0 1 0 1 0 0 0
0 0 1 1 0 0 1 0 0 0
0 0 1 0 0 1 0 0 0 0

10
0: [0, 1]
1: [0, 2]
2: [0, 5]
3: [1, 4]
4: [1, 5]
5: [1, 6]
6: [2, 3]
7: [2, 4]
8: [3, 5]
9: [3, 6]
0 1 0 0 0 1 0 0 0 0
1 0 1 0 0 0 1 0 0 0
0 1 0 0 0 0 0 0 1 0
0 0 0 0 1 0 0 1 0 0
0 0 0 1 0 1 0 0 1 0
1 0 0 0 1 0 0 0 0 1
0 1 0 0 0 0 0 1 0 1
0 0 0 1 0 0 1 0 0 0
0 0 1 0 1 0 0 0 0 1
0 0 0 0 0 1 1 0 1 0

9
0: [0, 1]
1: [0, 3]
2: [0, 4]
3: [0, 5]
4: [0, 6]
5: [1, 2]
6: [2, 3]
7: [2, 4]
8: [2, 5]
0 0 0 0 1 1 0 0 0
0 0 0 1 1 0 1 0 0
0 0 0 1 1 0 0 1 0
0 1 1 0 0 0 0 0 1
1 1 1 0 0 0 0 0 0
1 0 0 0 0 0 0 0 1
0 1 0 0 0 0 0 1 1
0 0 1 0 0 0 1 0 0
0 0 0 1 0 1 1 0 0

9
0: [0, 1]
1: [0, 3]
2: [0, 4]
3: [0, 5]
4: [0, 6]
5: [1, 2]
6: [2, 3]
7: [2, 4]
8: [2, 5]
0 0 0 1 1 1 0 0 0
0 0 0 1 1 0 1 0 0
0 0 0 1 1 0 0 1 0
1 1 1 0 0 0 0 0 0
1 1 1 0 0 0 0 0 0
1 0 0 0 0 0 0 0 1
0 1 0 0 0 0 0 0 1
0 0 1 0 0 0 0 0 1
0 0 0 0 0 1 1 1 0

10
0: [0, 1]
1: [0, 3]
2: [0, 4]
3: [0, 5]
4: [1, 2]
5: [1, 5]
6: [2, 3]
7: [2, 4]
8: [4, 6]
9: [5, 6]
0 0 1 0 1 0 0 0 0 0
0 0 1 1 0 0 1 0 0 0
1 1 0 0 0 0 0 0 1 0
0 1 0 0 0 0 0 0 0 1
1 0 0 0 0 1 0 1 0 0
0 0 0 0 1 0 0 0 0 1
0 1 0 0 0 0 0 1 0 0
0 0 0 0 1 0 1 0 1 0
0 0 1 0 0 0 0 1 0 1
0 0 0 1 0 1 0 0 1 0

9
0: [0, 1]
1: [0, 3]
2: [0, 4]
3: [0, 5]
4: [1, 2]
5: [1, 3]
6: [2, 4]
7: [2, 5]
8: [3, 6]
0 0 1 1 1 0 0 0 0
0 0 1 1 0 0 0 0 1
1 1 0 0 0 0 1 0 0
1 1 0 0 0 0 0 1 0
1 0 0 0 0 1 1 0 0
0 0 0 0 1 0 0 0 1
0 0 1 0 1 0 0 1 0
0 0 0 1 0 0 1 0 0
0 1 0 0 0 1 0 0 0

10
0: [0, 1]
1: [0, 3]
2: [0, 4]
3: [0, 6]
4: [1, 2]
5: [1, 3]
6: [2, 4]
7: [2, 6]
8: [3, 5]
9: [4, 5]
0 0 1 0 1 0 0 0 0 0
0 0 1 1 0 0 0 0 1 0
1 1 0 0 0 0 0 0 0 1
0 1 0 0 0 0 0 1 0 0
1 0 0 0 0 1 0 1 0 0
0 0 0 0 1 0 0 0 1 0
0 0 0 0 0 0 0 1 0 1
0 0 0 1 1 0 1 0 0 0
0 1 0 0 0 1 0 0 0 1
0 0 1 0 0 0 1 0 1 0

10
0: [0, 1]
1: [0, 4]
2: [0, 5]
3: [1, 2]
4: [1, 3]
5: [1, 6]
6: [2, 4]
7: [2, 5]
8: [3, 4]
9: [3, 5]
0 1 0 1 0 0 0 0 0 0
1 0 1 0 0 0 0 0 1 0
0 1 0 0 0 0 0 1 0 0
1 0 0 0 0 1 1 0 0 0
0 0 0 0 0 1 0 0 0 1
0 0 0 1 1 0 0 0 0 0
0 0 0 1 0 0 0 1 1 0
0 0 1 0 0 0 1 0 0 1
0 1 0 0 0 0 1 0 0 1
0 0 0 0 1 0 0 1 1 0

11
0: [0, 3]
1: [0, 4]
2: [0, 5]
3: [0, 6]
4: [1, 3]
5: [1, 4]
6: [1, 5]
7: [2, 3]
8: [2, 4]
9: [2, 5]
10: [2, 6]
0 0 0 1 0 0 0 1 0 0 0
0 0 1 1 0 0 0 0 1 0 0
0 1 0 0 0 0 0 0 0 1 0
1 1 0 0 0 0 0 0 0 0 1
0 0 0 0 0 1 0 1 0 0 0
0 0 0 0 1 0 1 0 1 0 0
0 0 0 0 0 1 0 0 0 1 0
1 0 0 0 1 0 0 0 0 0 0
0 1 0 0 0 1 0 0 0 0 1
0 0 1 0 0 0 1 0 0 0 1
0 0 0 1 0 0 0 0 1 1 0

10
0: [0, 3]
1: [0, 4]
2: [0, 5]
3: [1, 3]
4: [1, 4]
5: [1, 5]
6: [2, 3]
7: [2, 4]
8: [2, 5]
9: [3, 6]
0 0 1 0 0 0 1 0 0 1
0 0 1 0 0 0 0 1 0 0
1 1 0 0 0 0 0 0 1 0
0 0 0 0 1 1 0 0 0 1
0 0 0 1 0 0 0 1 0 0
0 0 0 1 0 0 0 0 1 0
1 0 0 0 0 0 0 1 1 0
0 1 0 0 1 0 1 0 0 0
0 0 1 0 0 1 1 0 0 0
1 0 0 1 0 0 0 0 0 0

10
0: [0, 3]
1: [0, 4]
2: [0, 5]
3: [1, 3]
4: [1, 4]
5: [1, 5]
6: [2, 3]
7: [2, 4]
8: [2, 5]
9: [2, 6]
0 1 0 0 0 0 1 0 0 0
1 0 1 0 0 0 0 1 0 0
0 1 0 0 0 0 0 0 1 0
0 0 0 0 1 0 1 0 0 0
0 0 0 1 0 1 0 1 0 0
0 0 0 0 1 0 0 0 1 0
1 0 0 1 0 0 0 0 0 1
0 1 0 0 1 0 0 0 0 1
0 0 1 0 0 1 0 0 0 1
0 0 0 0 0 0 1 1 1 0

10
0: [0, 3]
1: [0, 4]
2: [0, 5]
3: [1, 3]
4: [1, 4]
5: [1, 5]
6: [2, 3]
7: [2, 4]
8: [2, 6]
9: [5, 6]
0 1 0 0 0 0 1 0 0 0
1 0 1 0 0 0 0 1 0 0
0 1 0 0 0 0 0 0 0 1
0 0 0 0 1 0 1 0 0 0
0 0 0 1 0 1 0 1 0 0
0 0 0 0 1 0 0 0 0 1
1 0 0 1 0 0 0 0 1 0
0 1 0 0 1 0 0 0 1 0
0 0 0 0 0 0 1 1 0 1
0 0 1 0 0 1 0 0 1 0

10
0: [0, 3]
1: [0, 4]
2: [0, 5]
3: [1, 3]
4: [1, 4]
5: [1, 6]
6: [2, 3]
7: [2, 4]
8: [2, 5]
9: [5, 6]
0 1 1 0 0 0 1 0 0 0
1 0 0 0 0 0 0 1 0 0
1 0 0 0 0 0 0 0 0 1
0 0 0 0 1 0 1 0 0 0
0 0 0 1 0 1 0 1 0 0
0 0 0 0 1 0 0 0 0 1
1 0 0 1 0 0 0 0 1 0
0 1 0 0 1 0 0 0 1 0
0 0 0 0 0 0 1 1 0 1
0 0 1 0 0 1 0 0 1 0

10
0: [0, 1]
1: [0, 3]
2: [0, 4]
3: [0, 6]
4: [1, 3]
5: [1, 4]
6: [1, 5]
7: [2, 3]
8: [2, 4]
9: [2, 5]
0 0 0 1 0 0 1 0 0 0
0 0 0 1 0 0 0 1 0 0
0 0 0 1 0 0 0 0 1 0
1 1 1 0 0 0 0 0 0 0
0 0 0 0 0 1 1 1 0 0
0 0 0 0 1 0 0 0 1 0
1 0 0 0 1 0 0 0 0 1
0 1 0 0 1 0 0 0 0 1
0 0 1 0 0 1 0 0 0 1
0 0 0 0 0 0 1 1 1 0

9
0: [0, 2]
1: [0, 3]
2: [0, 4]
3: [0, 5]
4: [0, 6]
5: [1, 2]
6: [1, 3]
7: [1, 4]
8: [1, 5]
0 0 1 0 1 1 0 0 0
0 0 0 0 1 0 1 0 0
1 0 0 1 0 0 0 1 0
0 0 1 0 1 0 0 0 1
1 1 0 1 0 0 0 0 0
1 0 0 0 0 0 0 1 1
0 1 0 0 0 0 0 1 0
0 0 1 0 0 1 1 0 0
0 0 0 1 0 1 0 0 0

10
0: [0, 2]
1: [0, 3]
2: [0, 4]
3: [0, 5]
4: [1, 2]
5: [1, 3]
6: [1, 4]
7: [1, 5]
8: [4, 6]
9: [5, 6]
0 0 1 0 1 0 0 0 0 0
0 0 1 0 0 1 0 0 0 0
1 1 0 0 0 0 0 0 1 0
0 0 0 0 0 0 0 1 0 1
1 0 0 0 0 0 1 1 0 0
0 1 0 0 0 0 1 1 0 0
0 0 0 0 1 1 0 0 1 0
0 0 0 1 1 1 0 0 0 0
0 0 1 0 0 0 1 0 0 1
0 0 0 1 0 0 0 0 1 0

9
0: [0, 2]
1: [0, 3]
2: [0, 4]
3: [0, 5]
4: [0, 6]
5: [1, 2]
6: [1, 3]
7: [1, 4]
8: [1, 6]
0 0 0 1 0 1 0 0 0
0 0 1 1 0 0 1 0 0
0 1 0 0 1 0 0 1 0
1 1 0 0 1 0 0 0 0
0 0 1 1 0 0 0 0 1
1 0 0 0 0 0 0 1 0
0 1 0 0 0 0 0 1 1
0 0 1 0 0 1 1 0 0
0 0 0 0 1 0 1 0 0

10
0: [0, 2]
1: [0, 3]
2: [0, 4]
3: [0, 5]
4: [1, 2]
5: [1, 3]
6: [1, 4]
7: [1, 6]
8: [4, 5]
9: [5, 6]
0 0 1 0 1 0 0 0 0 0
0 0 1 1 0 1 0 0 0 0
1 1 0 0 0 0 0 0 0 0
0 1 0 0 0 0 0 0 0 1
1 0 0 0 0 0 1 1 0 0
0 1 0 0 0 0 1 1 0 0
0 0 0 0 1 1 0 0 1 0
0 0 0 0 1 1 0 0 0 1
0 0 0 0 0 0 1 0 0 1
0 0 0 1 0 0 0 1 1 0

9
0: [0, 2]
1: [0, 3]
2: [0, 4]
3: [0, 6]
4: [1, 2]
5: [1, 3]
6: [1, 4]
7: [4, 5]
8: [5, 6]
0 0 1 1 1 0 0 0 0
0 0 1 1 0 1 0 0 0
1 1 0 0 0 0 0 1 0
1 1 0 0 0 0 0 0 1
1 0 0 0 0 0 1 0 0
0 1 0 0 0 0 1 0 0
0 0 0 0 1 1 0 1 0
0 0 1 0 0 0 1 0 1
0 0 0 1 0 0 0 1 0

11
0: [0, 2]
1: [0, 3]
2: [0, 4]
3: [0, 6]
4: [1, 2]
5: [1, 3]
6: [1, 4]
7: [1, 6]
8: [2, 5]
9: [3, 5]
10: [5, 6]
0 1 0 0 0 0 0 0 1 0 0
1 0 0 1 0 0 0 0 0 1 0
0 0 0 1 0 0 1 0 0 0 0
0 1 1 0 0 0 0 0 0 0 0
0 0 0 0 0 1 0 0 1 0 0
0 0 0 0 1 0 0 1 0 1 0
0 0 1 0 0 0 0 1 0 0 0
0 0 0 0 0 1 1 0 0 0 1
1 0 0 0 1 0 0 0 0 0 1
0 1 0 0 0 1 0 0 0 0 1
0 0 0 0 0 0 0 1 1 1 0

8
0: [0, 2]
1: [0, 3]
2: [0, 4]
3: [0, 5]
4: [1, 2]
5: [1, 3]
6: [1, 4]
7: [1, 5]
0 1 0 0 1 0 0 0
1 0 1 0 0 1 0 0
0 1 0 1 0 0 1 0
0 0 1 0 0 0 0 1
1 0 0 0 0 0 1 1
0 1 0 0 0 0 1 1
0 0 1 0 1 1 0 0
0 0 0 1 1 1 0 0

10
0: [0, 2]
1: [0, 3]
2: [0, 4]
3: [1, 2]
4: [1, 3]
5: [1, 4]
6: [2, 5]
7: [2, 6]
8: [3, 5]
9: [4, 6]
0 0 1 1 0 0 1 0 0 0
0 0 1 0 1 0 0 0 1 0
1 1 0 0 0 1 0 0 0 0
1 0 0 0 1 0 0 1 0 0
0 1 0 1 0 0 0 0 0 0
0 0 1 0 0 0 0 0 0 1
1 0 0 0 0 0 0 1 1 0
0 0 0 1 0 0 1 0 0 1
0 1 0 0 0 0 1 0 0 0
0 0 0 0 0 1 0 1 0 0

9
0: [0, 2]
1: [0, 3]
2: [0, 4]
3: [0, 6]
4: [1, 2]
5: [1, 3]
6: [1, 4]
7: [2, 5]
8: [5, 6]
0 1 1 0 1 0 0 0 0
1 0 0 1 0 1 0 0 0
1 0 0 1 0 0 1 0 0
0 1 1 0 0 0 0 0 1
1 0 0 0 0 1 0 1 0
0 1 0 0 1 0 1 0 0
0 0 1 0 0 1 0 0 0
0 0 0 0 1 0 0 0 1
0 0 0 1 0 0 0 1 0

8
0: [0, 2]
1: [0, 3]
2: [0, 5]
3: [0, 6]
4: [1, 2]
5: [1, 3]
6: [1, 5]
7: [1, 6]
0 1 0 0 1 0 0 0
1 0 1 0 0 1 0 0
0 1 0 1 0 0 1 0
0 0 1 0 0 0 0 1
1 0 0 0 0 0 1 1
0 1 0 0 0 0 1 1
0 0 1 0 1 1 0 0
0 0 0 1 1 1 0 0

10
0: [0, 2]
1: [0, 3]
2: [0, 5]
3: [1, 2]
4: [1, 3]
5: [1, 5]
6: [2, 4]
7: [3, 4]
8: [4, 6]
9: [5, 6]
0 1 0 1 0 0 0 0 0 0
1 0 1 0 1 0 0 0 0 0
0 1 0 0 0 0 0 0 0 1
1 0 0 0 0 1 1 0 0 0
0 1 0 0 0 1 0 1 0 0
0 0 0 1 1 0 0 0 0 1
0 0 0 1 0 0 0 0 1 0
0 0 0 0 1 0 0 0 1 0
0 0 0 0 0 0 1 1 0 1
0 0 1 0 0 1 0 0 1 0

11
0: [0, 2]
1: [0, 3]
2: [0, 4]
3: [0, 5]
4: [1, 2]
5: [1, 4]
6: [1, 5]
7: [1, 6]
8: [2, 3]
9: [3, 4]
10: [3, 6]
0 0 1 0 1 0 0 0 0 0 0
0 0 0 1 0 0 0 0 0 0 1
1 0 0 1 0 0 0 0 0 0 0
0 1 1 0 0 0 1 0 0 0 0
1 0 0 0 0 1 0 1 0 0 0
0 0 0 0 1 0 1 0 0 1 0
0 0 0 1 0 1 0 1 0 0 0
0 0 0 0 1 0 1 0 0 0 1
0 0 0 0 0 0 0 0 0 1 1
0 0 0 0 0 1 0 0 1 0 0
0 1 0 0 0 0 0 1 1 0 0

9
0: [0, 2]
1: [0, 3]
2: [0, 4]
3: [0, 5]
4: [0, 6]
5: [1, 2]
6: [1, 4]
7: [1, 5]
8: [1, 6]
0 0 1 0 0 1 0 0 0
0 0 1 1 0 0 0 0 0
1 1 0 0 0 0 1 0 0
0 1 0 0 1 0 0 1 0
0 0 0 1 0 0 0 0 1
1 0 0 0 0 0 0 1 1
0 0 1 0 0 0 0 1 1
0 0 0 1 0 1 1 0 0
0 0 0 0 1 1 1 0 0

9
0: [0, 2]
1: [0, 3]
2: [0, 5]
3: [0, 6]
4: [1, 2]
5: [1, 4]
6: [1, 5]
7: [1, 6]
8: [3, 4]
0 0 1 1 1 0 0 0 0
0 0 1 0 0 0 0 0 1
1 1 0 0 0 0 1 0 0
1 0 0 0 0 0 0 1 0
1 0 0 0 0 1 1 0 0
0 0 0 0 1 0 0 1 1
0 0 1 0 1 0 0 1 0
0 0 0 1 0 1 1 0 0
0 1 0 0 0 1 0 0 0

9
0: [0, 2]
1: [0, 4]
2: [0, 5]
3: [1, 2]
4: [1, 4]
5: [1, 5]
6: [2, 3]
7: [3, 4]
8: [3, 5]
0 1 0 1 0 0 1 0 0
1 0 1 0 1 0 0 0 0
0 1 0 0 0 0 0 0 1
1 0 0 0 1 1 0 0 0
0 1 0 1 0 0 0 1 0
0 0 0 1 0 0 0 0 1
1 0 0 0 0 0 0 1 0
0 0 0 0 1 0 1 0 1
0 0 1 0 0 1 0 1 0

8
0: [0, 3]
1: [0, 4]
2: [0, 5]
3: [0, 6]
4: [1, 3]
5: [1, 4]
6: [1, 5]
7: [1, 6]
0 1 1 0 1 0 0 0
1 0 0 1 0 1 0 0
1 0 0 0 0 0 1 0
0 1 0 0 0 0 0 1
1 0 0 0 0 1 0 1
0 1 0 0 1 0 1 0
0 0 1 0 0 1 0 1
0 0 0 1 1 0 1 0

9
0: [0, 2]
1: [0, 3]
2: [0, 4]
3: [0, 5]
4: [0, 6]
5: [1, 3]
6: [1, 4]
7: [1, 5]
8: [1, 6]
0 1 1 0 0 0 0 0 0
1 0 0 1 0 1 0 0 0
1 0 0 0 1 0 1 0 0
0 1 0 0 1 0 0 1 0
0 0 1 1 0 0 0 0 1
0 1 0 0 0 0 0 1 1
0 0 1 0 0 0 0 1 0
0 0 0 1 0 1 1 0 0
0 0 0 0 1 1 0 0 0

11
0: [0, 3]
1: [0, 4]
2: [0, 5]
3: [0, 6]
4: [1, 2]
5: [1, 3]
6: [1, 4]
7: [1, 6]
8: [2, 3]
9: [2, 4]
10: [2, 5]
0 0 0 1 0 0 0 0 1 0 0
0 0 1 0 0 0 1 0 0 1 0
0 1 0 1 0 0 0 0 0 0 1
1 0 1 0 0 0 0 1 0 0 0
0 0 0 0 0 0 0 1 0 0 1
0 0 0 0 0 0 1 1 0 0 0
0 1 0 0 0 1 0 0 0 0 0
0 0 0 1 1 1 0 0 0 0 0
1 0 0 0 0 0 0 0 0 1 0
0 1 0 0 0 0 0 0 1 0 1
0 0 1 0 1 0 0 0 0 1 0

11
0: [0, 3]
1: [0, 4]
2: [0, 5]
3: [0, 6]
4: [1, 2]
5: [1, 3]
6: [1, 4]
7: [1, 6]
8: [2, 3]
9: [2, 4]
10: [2, 5]
0 0 1 0 0 1 0 0 1 0 0
0 0 1 0 0 0 1 0 0 1 0
1 1 0 1 0 0 0 0 0 0 0
0 0 1 0 0 0 0 1 0 0 0
0 0 0 0 0 0 0 1 0 0 1
1 0 0 0 0 0 1 0 0 0 0
0 1 0 0 0 1 0 1 0 0 0
0 0 0 1 1 0 1 0 0 0 0
1 0 0 0 0 0 0 0 0 1 1
0 1 0 0 0 0 0 0 1 0 0
0 0 0 0 1 0 0 0 1 0 0

10
0: [0, 3]
1: [0, 4]
2: [0, 6]
3: [1, 3]
4: [1, 4]
5: [1, 6]
6: [2, 3]
7: [2, 4]
8: [2, 6]
9: [3, 5]
0 1 1 0 0 0 1 0 0 0
1 0 0 0 1 0 0 1 0 0
1 0 0 0 0 1 0 0 1 0
0 0 0 0 0 1 0 0 0 1
0 1 0 0 0 1 0 0 0 0
0 0 1 1 1 0 0 0 0 0
1 0 0 0 0 0 0 0 1 1
0 1 0 0 0 0 0 0 1 0
0 0 1 0 0 0 1 1 0 0
0 0 0 1 0 0 1 0 0 0

10
0: [0, 4]
1: [0, 5]
2: [0, 6]
3: [1, 4]
4: [1, 5]
5: [1, 6]
6: [2, 3]
7: [2, 5]
8: [3, 4]
9: [3, 6]
0 1 1 1 0 0 0 0 0 0
1 0 0 0 1 0 0 1 0 0
1 0 0 0 0 1 0 0 0 0
1 0 0 0 1 0 0 0 1 0
0 1 0 1 0 1 0 0 0 0
0 0 1 0 1 0 0 0 0 1
0 0 0 0 0 0 0 1 0 1
0 1 0 0 0 0 1 0 0 0
0 0 0 1 0 0 0 0 0 1
0 0 0 0 0 1 1 0 1 0

9
0: [0, 3]
1: [0, 4]
2: [0, 5]
3: [0, 6]
4: [1, 4]
5: [1, 5]
6: [1, 6]
7: [2, 3]
8: [3, 5]
0 1 0 1 0 0 0 1 0
1 0 1 0 1 0 0 0 0
0 1 0 1 0 1 0 0 0
1 0 1 0 0 0 1 0 0
0 1 0 0 0 0 1 0 0
0 0 1 0 0 0 1 0 1
0 0 0 1 1 1 0 0 0
1 0 0 0 0 0 0 0 1
0 0 0 0 0 1 0 1 0

14
0: [0, 3]
1: [0, 4]
2: [0, 5]
3: [0, 6]
4: [1, 2]
5: [1, 4]
6: [1, 5]
7: [1, 6]
8: [2, 3]
9: [2, 5]
10: [2, 6]
11: [3, 4]
12: [3, 5]
13: [4, 6]
0 0 0 1 0 0 0 0 1 0 0 0 0 0
0 0 1 0 0 1 0 0 0 0 0 0 0 0
0 1 0 0 0 0 0 0 0 1 0 0 0 0
1 0 0 0 0 0 0 1 0 0 1 0 0 0
0 0 0 0 0 1 0 0 1 0 0 0 0 0
0 1 0 0 1 0 1 0 0 0 0 0 0 0
0 0 0 0 0 1 0 1 0 0 0 0 1 0
0 0 0 1 0 0 1 0 0 0 0 0 0 0
1 0 0 0 1 0 0 0 0 0 0 1 0 0
0 0 1 0 0 0 0 0 0 0 1 0 0 0
0 0 0 1 0 0 0 0 0 1 0 0 0 1
0 0 0 0 0 0 0 0 1 0 0 0 1 1
0 0 0 0 0 0 1 0 0 0 0 1 0 0
0 0 0 0 0 0 0 0 0 0 1 1 0 0

10
0: [0, 3]
1: [0, 4]
2: [0, 5]
3: [0, 6]
4: [1, 4]
5: [1, 5]
6: [1, 6]
7: [2, 3]
8: [2, 6]
9: [3, 4]
0 0 1 0 0 0 0 1 0 0
0 0 1 1 1 0 0 0 0 0
1 1 0 0 0 1 0 0 0 0
0 1 0 0 0 0 1 0 1 0
0 1 0 0 0 0 1 0 0 1
0 0 1 0 0 0 1 0 0 0
0 0 0 1 1 1 0 0 0 0
1 0 0 0 0 0 0 0 1 1
0 0 0 1 0 0 0 1 0 0
0 0 0 0 1 0 0 1 0 0

10
0: [0, 3]
1: [0, 4]
2: [0, 5]
3: [0, 6]
4: [1, 2]
5: [1, 4]
6: [1, 6]
7: [2, 3]
8: [2, 5]
9: [3, 4]
0 0 0 1 0 0 0 1 0 0
0 0 1 0 0 1 0 0 0 0
0 1 0 1 0 0 0 0 1 0
1 0 1 0 0 0 1 0 0 0
0 0 0 0 0 1 1 0 1 0
0 1 0 0 1 0 0 0 0 1
0 0 0 1 1 0 0 0 0 0
1 0 0 0 0 0 0 0 1 1
0 0 1 0 1 0 0 1 0 0
0 0 0 0 0 1 0 1 0 0

10
0: [0, 3]
1: [0, 4]
2: [0, 5]
3: [0, 6]
4: [1, 2]
5: [1, 5]
6: [1, 6]
7: [2, 3]
8: [2, 4]
9: [4, 5]
0 1 1 0 0 0 0 1 0 0
1 0 0 1 0 0 0 0 1 0
1 0 0 1 0 1 0 0 0 0
0 1 1 0 0 0 1 0 0 0
0 0 0 0 0 0 1 1 1 0
0 0 1 0 0 0 0 0 0 1
0 0 0 1 1 0 0 0 0 0
1 0 0 0 1 0 0 0 0 0
0 1 0 0 1 0 0 0 0 1
0 0 0 0 0 1 0 0 1 0

10
0: [0, 4]
1: [0, 5]
2: [0, 6]
3: [1, 3]
4: [1, 4]
5: [1, 5]
6: [1, 6]
7: [2, 3]
8: [2, 4]
9: [2, 5]
0 1 0 0 0 0 0 0 1 0
1 0 1 0 0 0 0 0 0 1
0 1 0 0 0 0 1 0 0 0
0 0 0 0 0 1 1 1 0 0
0 0 0 0 0 1 0 0 1 0
0 0 0 1 1 0 0 0 0 1
0 0 1 1 0 0 0 0 0 0
0 0 0 1 0 0 0 0 1 1
1 0 0 0 1 0 0 1 0 0
0 1 0 0 0 1 0 1 0 0

10
0: [0, 3]
1: [0, 4]
2: [0, 5]
3: [0, 6]
4: [1, 3]
5: [1, 4]
6: [1, 5]
7: [2, 3]
8: [2, 4]
9: [2, 5]
0 0 0 1 0 0 0 1 0 0
0 0 0 1 0 1 0 0 1 0
0 0 0 1 0 0 1 0 0 1
1 1 1 0 0 0 0 0 0 0
0 0 0 0 0 1 1 1 0 0
0 1 0 0 1 0 0 0 0 0
0 0 1 0 1 0 0 0 0 0
1 0 0 0 1 0 0 0 1 0
0 1 0 0 0 0 0 1 0 1
0 0 1 0 0 0 0 0 1 0

9
0: [0, 3]
1: [0, 4]
2: [0, 5]
3: [1, 3]
4: [1, 4]
5: [1, 5]
6: [2, 3]
7: [2, 4]
8: [2, 5]
0 1 0 1 0 0 0 0 0
1 0 1 0 0 0 0 1 0
0 1 0 0 0 1 0 0 0
1 0 0 0 1 0 1 0 0
0 0 0 1 0 1 0 1 0
0 0 1 0 1 0 0 0 1
0 0 0 1 0 0 0 0 1
0 1 0 0 1 0 0 0 1
0 0 0 0 0 1 1 1 0

10
0: [0, 3]
1: [0, 4]
2: [0, 5]
3: [0, 6]
4: [1, 3]
5: [1, 4]
6: [1, 6]
7: [2, 3]
8: [2, 4]
9: [2, 5]
0 1 0 0 0 0 0 1 0 0
1 0 1 0 0 1 0 0 0 0
0 1 0 1 0 0 0 0 0 1
0 0 1 0 0 0 1 0 0 0
0 0 0 0 0 1 1 1 0 0
0 1 0 0 1 0 0 0 1 0
0 0 0 1 1 0 0 0 0 0
1 0 0 0 1 0 0 0 1 0
0 0 0 0 0 1 0 1 0 1
0 0 1 0 0 0 0 0 1 0

10
0: [0, 4]
1: [0, 5]
2: [0, 6]
3: [1, 4]
4: [1, 5]
5: [1, 6]
6: [2, 3]
7: [2, 5]
8: [2, 6]
9: [3, 4]
0 1 0 1 0 0 0 0 0 0
1 0 1 0 1 0 0 0 0 0
0 1 0 0 0 0 0 0 1 0
1 0 0 0 0 1 0 0 0 1
0 1 0 0 0 1 0 1 0 0
0 0 0 1 1 0 0 0 1 0
0 0 0 0 0 0 0 1 1 1
0 0 0 0 1 0 1 0 0 0
0 0 1 0 0 1 1 0 0 0
0 0 0 1 0 0 1 0 0 0

