1

18
0: [0, 2, 4]: 16 0
1: [0, 2]: 2 7
2: [0, 3]: 9 1
3: [0, 4]: 6 3
4: [0]: 10 4
5: [1, 3, 5]: 18 0
6: [1, 3]: 3 6
7: [1, 4]: 6 2
8: [1, 5]: 4 2
9: [1]: 14 1
10: [2, 4]: 3 3
11: [2, 5]: 3 1
12: [2]: 11 0
13: [3, 5]: 3 0
14: [3]: 13 1
15: [4]: 11 1
16: [5]: 11 2
17: []: 19 0
0 0 0 0 0 0 0 0 0 0 0 0 0 0 0 0 0 0
0 0 1 0 0 0 0 0 0 0 0 1 0 0 0 0 0 0
0 1 0 1 0 0 1 0 0 0 0 0 0 1 0 0 0 0
0 0 1 0 0 0 0 1 0 0 0 0 0 0 0 0 0 0
0 0 0 0 0 0 0 0 0 1 0 0 0 0 0 0 1 0
0 0 0 0 0 0 0 0 0 0 0 0 0 0 0 0 0 0
0 0 1 0 0 0 0 1 0 0 0 0 0 0 0 0 0 0
0 0 0 1 0 0 1 0 1 0 1 0 0 0 0 0 0 0
0 0 0 0 0 0 0 1 0 0 0 1 0 0 0 0 0 0
0 0 0 0 1 0 0 0 0 0 0 0 1 0 0 0 0 0
0 0 0 0 0 0 0 1 0 0 0 1 0 0 0 0 0 0
0 1 0 0 0 0 0 0 1 0 1 0 0 1 0 0 0 0
0 0 0 0 0 0 0 0 0 1 0 0 0 0 1 0 0 0
0 0 1 0 0 0 0 0 0 0 0 1 0 0 0 0 0 0
0 0 0 0 0 0 0 0 0 0 0 0 1 0 0 1 0 0
0 0 0 0 0 0 0 0 0 0 0 0 0 0 1 0 1 0
0 0 0 0 1 0 0 0 0 0 0 0 0 0 0 1 0 0
0 0 0 0 0 0 0 0 0 0 0 0 0 0 0 0 0 0

